# Sample: 001
# Mode: V_vs_T
# Timestamp: 20251116_210806
# Measurement config:
#   mode = v_vs_t_current
#   channel = a
#   current = 1e-05
#   t_start = 10.0
#   t_stop = 300.0
#   ramp_rate = 5.0
#   dt = 10.0
#   temp_channel = A
#   temp_loop = 1
#   voltage_limit = 1.0
#   go_to_t_start = True
time_s	T[K]	V[V]	I[A]
6.724262e-02	9.734300e+00	2.244640e-03	1.000000e-05
1.027861e+01	9.320500e+00	2.240710e-03	1.000000e-05
2.043893e+01	9.476900e+00	2.235270e-03	1.000000e-05
3.053993e+01	9.805300e+00	2.230670e-03	1.000000e-05
4.069936e+01	1.013060e+01	2.232270e-03	1.000000e-05
5.082525e+01	1.043370e+01	2.228520e-03	1.000000e-05
6.098010e+01	1.069370e+01	2.227430e-03	1.000000e-05
7.110102e+01	1.092260e+01	2.222780e-03	1.000000e-05
8.126275e+01	1.113330e+01	2.222920e-03	1.000000e-05
9.138321e+01	1.133050e+01	2.222350e-03	1.000000e-05
1.015435e+02	1.152160e+01	2.217250e-03	1.000000e-05
1.116562e+02	1.170810e+01	2.213480e-03	1.000000e-05
1.218412e+02	1.189590e+01	2.214740e-03	1.000000e-05
1.319532e+02	1.207730e+01	2.207730e-03	1.000000e-05
1.421159e+02	1.225250e+01	2.211480e-03	1.000000e-05
1.522317e+02	1.243510e+01	2.211260e-03	1.000000e-05
1.623847e+02	1.260790e+01	2.211980e-03	1.000000e-05
1.725001e+02	1.277420e+01	2.209450e-03	1.000000e-05
1.826615e+02	1.293820e+01	2.209160e-03	1.000000e-05
1.927617e+02	1.309820e+01	2.209210e-03	1.000000e-05
2.029250e+02	1.325920e+01	2.204630e-03	1.000000e-05
2.130323e+02	1.343000e+01	2.206970e-03	1.000000e-05
2.231850e+02	1.359970e+01	2.206090e-03	1.000000e-05
2.332970e+02	1.376810e+01	2.204990e-03	1.000000e-05
2.434627e+02	1.394130e+01	2.204630e-03	1.000000e-05
2.535825e+02	1.411000e+01	2.207160e-03	1.000000e-05
2.637360e+02	1.427670e+01	2.208140e-03	1.000000e-05
2.738566e+02	1.445030e+01	2.201600e-03	1.000000e-05
2.840105e+02	1.461940e+01	2.204280e-03	1.000000e-05
2.941230e+02	1.479030e+01	2.208160e-03	1.000000e-05
3.042753e+02	1.495940e+01	2.205820e-03	1.000000e-05
3.143813e+02	1.512880e+01	2.208900e-03	1.000000e-05
3.245346e+02	1.530230e+01	2.205520e-03	1.000000e-05
3.346476e+02	1.547510e+01	2.209640e-03	1.000000e-05
3.447833e+02	1.564500e+01	2.211240e-03	1.000000e-05
3.548978e+02	1.581360e+01	2.210590e-03	1.000000e-05
3.650639e+02	1.598100e+01	2.208090e-03	1.000000e-05
3.751831e+02	1.614970e+01	2.209140e-03	1.000000e-05
3.853358e+02	1.632480e+01	2.208570e-03	1.000000e-05
3.954355e+02	1.649750e+01	2.204280e-03	1.000000e-05
4.055819e+02	1.666480e+01	2.205900e-03	1.000000e-05
4.156845e+02	1.683310e+01	2.208470e-03	1.000000e-05
4.258214e+02	1.700090e+01	2.204990e-03	1.000000e-05
4.359222e+02	1.716830e+01	2.207640e-03	1.000000e-05
4.460745e+02	1.733790e+01	2.208230e-03	1.000000e-05
4.561853e+02	1.750470e+01	2.201560e-03	1.000000e-05
4.663283e+02	1.767280e+01	2.207520e-03	1.000000e-05
4.764409e+02	1.784060e+01	2.209850e-03	1.000000e-05
4.865818e+02	1.801070e+01	2.210240e-03	1.000000e-05
4.966897e+02	1.818180e+01	2.208610e-03	1.000000e-05
5.068166e+02	1.835350e+01	2.210620e-03	1.000000e-05
5.169336e+02	1.852250e+01	2.209350e-03	1.000000e-05
5.270758e+02	1.869450e+01	2.210880e-03	1.000000e-05
5.371849e+02	1.886410e+01	2.208400e-03	1.000000e-05
5.473408e+02	1.903560e+01	2.205780e-03	1.000000e-05
5.574462e+02	1.921230e+01	2.210970e-03	1.000000e-05
5.675839e+02	1.938590e+01	2.205200e-03	1.000000e-05
5.777040e+02	1.956300e+01	2.211310e-03	1.000000e-05
5.878646e+02	1.973970e+01	2.204870e-03	1.000000e-05
5.979805e+02	1.991330e+01	2.210020e-03	1.000000e-05
6.081291e+02	2.008710e+01	2.207400e-03	1.000000e-05
6.182302e+02	2.025760e+01	2.206060e-03	1.000000e-05
6.283645e+02	2.042160e+01	2.211480e-03	1.000000e-05
6.384695e+02	2.059090e+01	2.210570e-03	1.000000e-05
6.486213e+02	2.076010e+01	2.209330e-03	1.000000e-05
6.587346e+02	2.092650e+01	2.214790e-03	1.000000e-05
6.688861e+02	2.109670e+01	2.212430e-03	1.000000e-05
6.790227e+02	2.127410e+01	2.207330e-03	1.000000e-05
6.891474e+02	2.143310e+01	2.210780e-03	1.000000e-05
6.992619e+02	2.160150e+01	2.210050e-03	1.000000e-05
7.094132e+02	2.176660e+01	2.212480e-03	1.000000e-05
7.195251e+02	2.193990e+01	2.210020e-03	1.000000e-05
7.296809e+02	2.211090e+01	2.216120e-03	1.000000e-05
7.398255e+02	2.228100e+01	2.214480e-03	1.000000e-05
7.499778e+02	2.244930e+01	2.212480e-03	1.000000e-05
7.601033e+02	2.260970e+01	2.209970e-03	1.000000e-05
7.702436e+02	2.277960e+01	2.211570e-03	1.000000e-05
7.803605e+02	2.295330e+01	2.212290e-03	1.000000e-05
7.905049e+02	2.312180e+01	2.216150e-03	1.000000e-05
8.006294e+02	2.329380e+01	2.216960e-03	1.000000e-05
8.107912e+02	2.346070e+01	2.219270e-03	1.000000e-05
8.209073e+02	2.362750e+01	2.212140e-03	1.000000e-05
8.310684e+02	2.379890e+01	2.213650e-03	1.000000e-05
8.411684e+02	2.396810e+01	2.216080e-03	1.000000e-05
8.512966e+02	2.413480e+01	2.217840e-03	1.000000e-05
8.613889e+02	2.429960e+01	2.218290e-03	1.000000e-05
8.715347e+02	2.447390e+01	2.214930e-03	1.000000e-05
8.816346e+02	2.464500e+01	2.215580e-03	1.000000e-05
8.917749e+02	2.481090e+01	2.220200e-03	1.000000e-05
9.018857e+02	2.497360e+01	2.222630e-03	1.000000e-05
9.120346e+02	2.513910e+01	2.220580e-03	1.000000e-05
9.221323e+02	2.531130e+01	2.222440e-03	1.000000e-05
9.322759e+02	2.548220e+01	2.223850e-03	1.000000e-05
9.423892e+02	2.565540e+01	2.218720e-03	1.000000e-05
9.525298e+02	2.582600e+01	2.221610e-03	1.000000e-05
9.626331e+02	2.599900e+01	2.222540e-03	1.000000e-05
9.727883e+02	2.616730e+01	2.221010e-03	1.000000e-05
9.829066e+02	2.633120e+01	2.223590e-03	1.000000e-05
9.930681e+02	2.650000e+01	2.220800e-03	1.000000e-05
1.003188e+03	2.666640e+01	2.223370e-03	1.000000e-05
1.013349e+03	2.683610e+01	2.223230e-03	1.000000e-05
1.023456e+03	2.700730e+01	2.222010e-03	1.000000e-05
1.033610e+03	2.717350e+01	2.226590e-03	1.000000e-05
1.043702e+03	2.734160e+01	2.223900e-03	1.000000e-05
1.053848e+03	2.750630e+01	2.224420e-03	1.000000e-05
1.063958e+03	2.768410e+01	2.222990e-03	1.000000e-05
1.074097e+03	2.785670e+01	2.223520e-03	1.000000e-05
1.084229e+03	2.802590e+01	2.222750e-03	1.000000e-05
1.094375e+03	2.818720e+01	2.226110e-03	1.000000e-05
1.104487e+03	2.835010e+01	2.230450e-03	1.000000e-05
1.114643e+03	2.851940e+01	2.224490e-03	1.000000e-05
1.124765e+03	2.869390e+01	2.228240e-03	1.000000e-05
1.134932e+03	2.886600e+01	2.227190e-03	1.000000e-05
1.145057e+03	2.903530e+01	2.230980e-03	1.000000e-05
1.155214e+03	2.920640e+01	2.228880e-03	1.000000e-05
1.165331e+03	2.937900e+01	2.230170e-03	1.000000e-05
1.175484e+03	2.954820e+01	2.226350e-03	1.000000e-05
1.185599e+03	2.971530e+01	2.232070e-03	1.000000e-05
1.195771e+03	2.988010e+01	2.228740e-03	1.000000e-05
1.205894e+03	3.004990e+01	2.229810e-03	1.000000e-05
1.216034e+03	3.022020e+01	2.226760e-03	1.000000e-05
1.226151e+03	3.038760e+01	2.229290e-03	1.000000e-05
1.236305e+03	3.055100e+01	2.231380e-03	1.000000e-05
1.246432e+03	3.071990e+01	2.230020e-03	1.000000e-05
1.256573e+03	3.089000e+01	2.227540e-03	1.000000e-05
1.266663e+03	3.106700e+01	2.230260e-03	1.000000e-05
1.276826e+03	3.123880e+01	2.235940e-03	1.000000e-05
1.286935e+03	3.140550e+01	2.230980e-03	1.000000e-05
1.297096e+03	3.156960e+01	2.233550e-03	1.000000e-05
1.307233e+03	3.173670e+01	2.236340e-03	1.000000e-05
1.317389e+03	3.190590e+01	2.232980e-03	1.000000e-05
1.327493e+03	3.207590e+01	2.235560e-03	1.000000e-05
1.337652e+03	3.224520e+01	2.236700e-03	1.000000e-05
1.347770e+03	3.241710e+01	2.235460e-03	1.000000e-05
1.357925e+03	3.258710e+01	2.239230e-03	1.000000e-05
1.368047e+03	3.275720e+01	2.235010e-03	1.000000e-05
1.378203e+03	3.292570e+01	2.234580e-03	1.000000e-05
1.388315e+03	3.310080e+01	2.235510e-03	1.000000e-05
1.398472e+03	3.327380e+01	2.232430e-03	1.000000e-05
1.408565e+03	3.343300e+01	2.237770e-03	1.000000e-05
1.418716e+03	3.359190e+01	2.235170e-03	1.000000e-05
1.428834e+03	3.376090e+01	2.238200e-03	1.000000e-05
1.438984e+03	3.393280e+01	2.236820e-03	1.000000e-05
1.449096e+03	3.410770e+01	2.239080e-03	1.000000e-05
1.459242e+03	3.428180e+01	2.237610e-03	1.000000e-05
1.469344e+03	3.444760e+01	2.242110e-03	1.000000e-05
1.479506e+03	3.461060e+01	2.240370e-03	1.000000e-05
1.489607e+03	3.477590e+01	2.240870e-03	1.000000e-05
1.499737e+03	3.494550e+01	2.237180e-03	1.000000e-05
1.509852e+03	3.511670e+01	2.242260e-03	1.000000e-05
1.520019e+03	3.528620e+01	2.238800e-03	1.000000e-05
1.530134e+03	3.545660e+01	2.238920e-03	1.000000e-05
1.540287e+03	3.562410e+01	2.239040e-03	1.000000e-05
1.550382e+03	3.579180e+01	2.241210e-03	1.000000e-05
1.560535e+03	3.596300e+01	2.240820e-03	1.000000e-05
1.570655e+03	3.614520e+01	2.241210e-03	1.000000e-05
1.580814e+03	3.632050e+01	2.245570e-03	1.000000e-05
1.590898e+03	3.648190e+01	2.244090e-03	1.000000e-05
1.601079e+03	3.664150e+01	2.244040e-03	1.000000e-05
1.611190e+03	3.680000e+01	2.245780e-03	1.000000e-05
1.621326e+03	3.696460e+01	2.245970e-03	1.000000e-05
1.631438e+03	3.713840e+01	2.246020e-03	1.000000e-05
1.641595e+03	3.731360e+01	2.243520e-03	1.000000e-05
1.651702e+03	3.748730e+01	2.246050e-03	1.000000e-05
1.661855e+03	3.765730e+01	2.248410e-03	1.000000e-05
1.671970e+03	3.782690e+01	2.249720e-03	1.000000e-05
1.682128e+03	3.799450e+01	2.249410e-03	1.000000e-05
1.692240e+03	3.816360e+01	2.248240e-03	1.000000e-05
1.702394e+03	3.833070e+01	2.249480e-03	1.000000e-05
1.712513e+03	3.849820e+01	2.249860e-03	1.000000e-05
1.722679e+03	3.866850e+01	2.248170e-03	1.000000e-05
1.732794e+03	3.883760e+01	2.247070e-03	1.000000e-05
1.742946e+03	3.900380e+01	2.250980e-03	1.000000e-05
1.753038e+03	3.918360e+01	2.249000e-03	1.000000e-05
1.763185e+03	3.935340e+01	2.252150e-03	1.000000e-05
1.773336e+03	3.951850e+01	2.255420e-03	1.000000e-05
1.783495e+03	3.967920e+01	2.254700e-03	1.000000e-05
1.793610e+03	3.984320e+01	2.252940e-03	1.000000e-05
1.803776e+03	4.001600e+01	2.251460e-03	1.000000e-05
1.813878e+03	4.018920e+01	2.254200e-03	1.000000e-05
1.824038e+03	4.036270e+01	2.254990e-03	1.000000e-05
1.834153e+03	4.053470e+01	2.256730e-03	1.000000e-05
1.844301e+03	4.070170e+01	2.257130e-03	1.000000e-05
1.854436e+03	4.086970e+01	2.255490e-03	1.000000e-05
1.864588e+03	4.103500e+01	2.259640e-03	1.000000e-05
1.874712e+03	4.120150e+01	2.258470e-03	1.000000e-05
1.884878e+03	4.137140e+01	2.253890e-03	1.000000e-05
1.894995e+03	4.153830e+01	2.257780e-03	1.000000e-05
1.905136e+03	4.170500e+01	2.254340e-03	1.000000e-05
1.915240e+03	4.187500e+01	2.255770e-03	1.000000e-05
1.925388e+03	4.204600e+01	2.260380e-03	1.000000e-05
1.935511e+03	4.222400e+01	2.259590e-03	1.000000e-05
1.945678e+03	4.239680e+01	2.260540e-03	1.000000e-05
1.955794e+03	4.256060e+01	2.261070e-03	1.000000e-05
1.965936e+03	4.272270e+01	2.258180e-03	1.000000e-05
1.976056e+03	4.288830e+01	2.260090e-03	1.000000e-05
1.986199e+03	4.305580e+01	2.258520e-03	1.000000e-05
1.996313e+03	4.322590e+01	2.260330e-03	1.000000e-05
2.006477e+03	4.340080e+01	2.262830e-03	1.000000e-05
2.016582e+03	4.357440e+01	2.264550e-03	1.000000e-05
2.026740e+03	4.374440e+01	2.266810e-03	1.000000e-05
2.036878e+03	4.391220e+01	2.266600e-03	1.000000e-05
2.047017e+03	4.407470e+01	2.264790e-03	1.000000e-05
2.057146e+03	4.423960e+01	2.266840e-03	1.000000e-05
2.067313e+03	4.440600e+01	2.263830e-03	1.000000e-05
2.077438e+03	4.457810e+01	2.267550e-03	1.000000e-05
2.087607e+03	4.474960e+01	2.264830e-03	1.000000e-05
2.097738e+03	4.492410e+01	2.265720e-03	1.000000e-05
2.107913e+03	4.510090e+01	2.267310e-03	1.000000e-05
2.118043e+03	4.527710e+01	2.266930e-03	1.000000e-05
2.128211e+03	4.544340e+01	2.270390e-03	1.000000e-05
2.138338e+03	4.560750e+01	2.264480e-03	1.000000e-05
2.148503e+03	4.577090e+01	2.271290e-03	1.000000e-05
2.158639e+03	4.593500e+01	2.270130e-03	1.000000e-05
2.168809e+03	4.609810e+01	2.270150e-03	1.000000e-05
2.178939e+03	4.626750e+01	2.268600e-03	1.000000e-05
2.189098e+03	4.644010e+01	2.268700e-03	1.000000e-05
2.199237e+03	4.661540e+01	2.272530e-03	1.000000e-05
2.209394e+03	4.678750e+01	2.270340e-03	1.000000e-05
2.219514e+03	4.695730e+01	2.272370e-03	1.000000e-05
2.229680e+03	4.712640e+01	2.270720e-03	1.000000e-05
2.239803e+03	4.729240e+01	2.269150e-03	1.000000e-05
2.249981e+03	4.745960e+01	2.272250e-03	1.000000e-05
2.260139e+03	4.762570e+01	2.273820e-03	1.000000e-05
2.270300e+03	4.779530e+01	2.273490e-03	1.000000e-05
2.280438e+03	4.796760e+01	2.270820e-03	1.000000e-05
2.290598e+03	4.814440e+01	2.275850e-03	1.000000e-05
2.300714e+03	4.831600e+01	2.273850e-03	1.000000e-05
2.310880e+03	4.848270e+01	2.273080e-03	1.000000e-05
2.320995e+03	4.864660e+01	2.277540e-03	1.000000e-05
2.331179e+03	4.881290e+01	2.282050e-03	1.000000e-05
2.341310e+03	4.897870e+01	2.279570e-03	1.000000e-05
2.351454e+03	4.914730e+01	2.278070e-03	1.000000e-05
2.361553e+03	4.931940e+01	2.277660e-03	1.000000e-05
2.371706e+03	4.948980e+01	2.278110e-03	1.000000e-05
2.381844e+03	4.965990e+01	2.282090e-03	1.000000e-05
2.392009e+03	4.982780e+01	2.277210e-03	1.000000e-05
2.402140e+03	4.999690e+01	2.280760e-03	1.000000e-05
2.412311e+03	5.017480e+01	2.283740e-03	1.000000e-05
2.422439e+03	5.034830e+01	2.282600e-03	1.000000e-05
2.432580e+03	5.051530e+01	2.283050e-03	1.000000e-05
2.442696e+03	5.067870e+01	2.288290e-03	1.000000e-05
2.452841e+03	5.084320e+01	2.284340e-03	1.000000e-05
2.462951e+03	5.100910e+01	2.287770e-03	1.000000e-05
2.473102e+03	5.117570e+01	2.282980e-03	1.000000e-05
2.483215e+03	5.134520e+01	2.286770e-03	1.000000e-05
2.493380e+03	5.151730e+01	2.285500e-03	1.000000e-05
2.503491e+03	5.168630e+01	2.286460e-03	1.000000e-05
2.513643e+03	5.185460e+01	2.285080e-03	1.000000e-05
2.523760e+03	5.202210e+01	2.287220e-03	1.000000e-05
2.533916e+03	5.219080e+01	2.288480e-03	1.000000e-05
2.544041e+03	5.236240e+01	2.288940e-03	1.000000e-05
2.554184e+03	5.253180e+01	2.287480e-03	1.000000e-05
2.564300e+03	5.270120e+01	2.289300e-03	1.000000e-05
2.574453e+03	5.287060e+01	2.291560e-03	1.000000e-05
2.584566e+03	5.304040e+01	2.285960e-03	1.000000e-05
2.594721e+03	5.320790e+01	2.288910e-03	1.000000e-05
2.604841e+03	5.337740e+01	2.293090e-03	1.000000e-05
2.614991e+03	5.354440e+01	2.288700e-03	1.000000e-05
2.625109e+03	5.371230e+01	2.293830e-03	1.000000e-05
2.635250e+03	5.387990e+01	2.293540e-03	1.000000e-05
2.645354e+03	5.404970e+01	2.293320e-03	1.000000e-05
2.655505e+03	5.421840e+01	2.293900e-03	1.000000e-05
2.665621e+03	5.438710e+01	2.296450e-03	1.000000e-05
2.675781e+03	5.455840e+01	2.296300e-03	1.000000e-05
2.685888e+03	5.472760e+01	2.297620e-03	1.000000e-05
2.696032e+03	5.489600e+01	2.294760e-03	1.000000e-05
2.706145e+03	5.507160e+01	2.294990e-03	1.000000e-05
2.716304e+03	5.524910e+01	2.297850e-03	1.000000e-05
2.726419e+03	5.541810e+01	2.297140e-03	1.000000e-05
2.736563e+03	5.558070e+01	2.296810e-03	1.000000e-05
2.746688e+03	5.574580e+01	2.299020e-03	1.000000e-05
2.756838e+03	5.591060e+01	2.296780e-03	1.000000e-05
2.766942e+03	5.607880e+01	2.301220e-03	1.000000e-05
2.777099e+03	5.624610e+01	2.302120e-03	1.000000e-05
2.787204e+03	5.641300e+01	2.297710e-03	1.000000e-05
2.797341e+03	5.657970e+01	2.300830e-03	1.000000e-05
2.807456e+03	5.675200e+01	2.305010e-03	1.000000e-05
2.817609e+03	5.692280e+01	2.301310e-03	1.000000e-05
2.827720e+03	5.709250e+01	2.303650e-03	1.000000e-05
2.837884e+03	5.726310e+01	2.304790e-03	1.000000e-05
2.847995e+03	5.743080e+01	2.300240e-03	1.000000e-05
2.858138e+03	5.759840e+01	2.305630e-03	1.000000e-05
2.868254e+03	5.776680e+01	2.305410e-03	1.000000e-05
2.878407e+03	5.793430e+01	2.301860e-03	1.000000e-05
2.888511e+03	5.810270e+01	2.299550e-03	1.000000e-05
2.898684e+03	5.827270e+01	2.303890e-03	1.000000e-05
2.908803e+03	5.844150e+01	2.306410e-03	1.000000e-05
2.918986e+03	5.861170e+01	2.307180e-03	1.000000e-05
2.929104e+03	5.878090e+01	2.309470e-03	1.000000e-05
2.939258e+03	5.894860e+01	2.307200e-03	1.000000e-05
2.949378e+03	5.911910e+01	2.305770e-03	1.000000e-05
2.959538e+03	5.928820e+01	2.306340e-03	1.000000e-05
2.969646e+03	5.945820e+01	2.309200e-03	1.000000e-05
2.979803e+03	5.962660e+01	2.309060e-03	1.000000e-05
2.989913e+03	5.979470e+01	2.303770e-03	1.000000e-05
3.000064e+03	5.996260e+01	2.313450e-03	1.000000e-05
3.010177e+03	6.014270e+01	2.310320e-03	1.000000e-05
3.020340e+03	6.031650e+01	2.313160e-03	1.000000e-05
3.030463e+03	6.048320e+01	2.315660e-03	1.000000e-05
3.040618e+03	6.064550e+01	2.312830e-03	1.000000e-05
3.050745e+03	6.081250e+01	2.312180e-03	1.000000e-05
3.060900e+03	6.097850e+01	2.311490e-03	1.000000e-05
3.071045e+03	6.114560e+01	2.314540e-03	1.000000e-05
3.081206e+03	6.131300e+01	2.313420e-03	1.000000e-05
3.091325e+03	6.148180e+01	2.315140e-03	1.000000e-05
3.101485e+03	6.165440e+01	2.314450e-03	1.000000e-05
3.111583e+03	6.182470e+01	2.311610e-03	1.000000e-05
3.121745e+03	6.199400e+01	2.314780e-03	1.000000e-05
3.131861e+03	6.216440e+01	2.317070e-03	1.000000e-05
3.142023e+03	6.233200e+01	2.317260e-03	1.000000e-05
3.152143e+03	6.250090e+01	2.319530e-03	1.000000e-05
3.162296e+03	6.266800e+01	2.314310e-03	1.000000e-05
3.172392e+03	6.283650e+01	2.321100e-03	1.000000e-05
3.182534e+03	6.300360e+01	2.326870e-03	1.000000e-05
3.192655e+03	6.317370e+01	2.322790e-03	1.000000e-05
3.202801e+03	6.334210e+01	2.322390e-03	1.000000e-05
3.212917e+03	6.351120e+01	2.327870e-03	1.000000e-05
3.223085e+03	6.368110e+01	2.318860e-03	1.000000e-05
3.233225e+03	6.384960e+01	2.320220e-03	1.000000e-05
3.243386e+03	6.401910e+01	2.324800e-03	1.000000e-05
3.253511e+03	6.418740e+01	2.325180e-03	1.000000e-05
3.263666e+03	6.435540e+01	2.325700e-03	1.000000e-05
3.273775e+03	6.452600e+01	2.324060e-03	1.000000e-05
3.283928e+03	6.469570e+01	2.328660e-03	1.000000e-05
3.294057e+03	6.486530e+01	2.326820e-03	1.000000e-05
3.304227e+03	6.503670e+01	2.329710e-03	1.000000e-05
3.314352e+03	6.521660e+01	2.328210e-03	1.000000e-05
3.324511e+03	6.538600e+01	2.327630e-03	1.000000e-05
3.334620e+03	6.554870e+01	2.327300e-03	1.000000e-05
3.344786e+03	6.571410e+01	2.324630e-03	1.000000e-05
3.354891e+03	6.588110e+01	2.325820e-03	1.000000e-05
3.365051e+03	6.604810e+01	2.330110e-03	1.000000e-05
3.375176e+03	6.621680e+01	2.328060e-03	1.000000e-05
3.385332e+03	6.638330e+01	2.327440e-03	1.000000e-05
3.395451e+03	6.655200e+01	2.331160e-03	1.000000e-05
3.405620e+03	6.672000e+01	2.333930e-03	1.000000e-05
3.415746e+03	6.689220e+01	2.334620e-03	1.000000e-05
3.425905e+03	6.706290e+01	2.330900e-03	1.000000e-05
3.436028e+03	6.723240e+01	2.336340e-03	1.000000e-05
3.446206e+03	6.740280e+01	2.333500e-03	1.000000e-05
3.456346e+03	6.757270e+01	2.330920e-03	1.000000e-05
3.466504e+03	6.773980e+01	2.333590e-03	1.000000e-05
3.476626e+03	6.790630e+01	2.337790e-03	1.000000e-05
3.486785e+03	6.807600e+01	2.337650e-03	1.000000e-05
3.496921e+03	6.824500e+01	2.335810e-03	1.000000e-05
3.507088e+03	6.841490e+01	2.335310e-03	1.000000e-05
3.517249e+03	6.858490e+01	2.334740e-03	1.000000e-05
3.527415e+03	6.875410e+01	2.339010e-03	1.000000e-05
3.537552e+03	6.892440e+01	2.339270e-03	1.000000e-05
3.547732e+03	6.909180e+01	2.340320e-03	1.000000e-05
3.557867e+03	6.926150e+01	2.340460e-03	1.000000e-05
3.568033e+03	6.943000e+01	2.338740e-03	1.000000e-05
3.578148e+03	6.959960e+01	2.342770e-03	1.000000e-05
3.588311e+03	6.976910e+01	2.342180e-03	1.000000e-05
3.598451e+03	6.993890e+01	2.338890e-03	1.000000e-05
3.608604e+03	7.011170e+01	2.342580e-03	1.000000e-05
3.618726e+03	7.028800e+01	2.340790e-03	1.000000e-05
3.628893e+03	7.045690e+01	2.343560e-03	1.000000e-05
3.639014e+03	7.062170e+01	2.342180e-03	1.000000e-05
3.649188e+03	7.078750e+01	2.344610e-03	1.000000e-05
3.659315e+03	7.095480e+01	2.346710e-03	1.000000e-05
3.669489e+03	7.112280e+01	2.345010e-03	1.000000e-05
3.679611e+03	7.129080e+01	2.344200e-03	1.000000e-05
3.689787e+03	7.145960e+01	2.348520e-03	1.000000e-05
3.699902e+03	7.162710e+01	2.351670e-03	1.000000e-05
3.710068e+03	7.179500e+01	2.347780e-03	1.000000e-05
3.720191e+03	7.196690e+01	2.347060e-03	1.000000e-05
3.730344e+03	7.213600e+01	2.348300e-03	1.000000e-05
3.740465e+03	7.230800e+01	2.349230e-03	1.000000e-05
3.750671e+03	7.247720e+01	2.347830e-03	1.000000e-05
3.760800e+03	7.264560e+01	2.348950e-03	1.000000e-05
3.770954e+03	7.281300e+01	2.347470e-03	1.000000e-05
3.781087e+03	7.298170e+01	2.350160e-03	1.000000e-05
3.791251e+03	7.314900e+01	2.350470e-03	1.000000e-05
3.801374e+03	7.331990e+01	2.349970e-03	1.000000e-05
3.811536e+03	7.348810e+01	2.353430e-03	1.000000e-05
3.821664e+03	7.365980e+01	2.352930e-03	1.000000e-05
3.831836e+03	7.382760e+01	2.351240e-03	1.000000e-05
3.841959e+03	7.399730e+01	2.355430e-03	1.000000e-05
3.852129e+03	7.416570e+01	2.354480e-03	1.000000e-05
3.862253e+03	7.433410e+01	2.356620e-03	1.000000e-05
3.872411e+03	7.450270e+01	2.354980e-03	1.000000e-05
3.882548e+03	7.467210e+01	2.355340e-03	1.000000e-05
3.892708e+03	7.484210e+01	2.356270e-03	1.000000e-05
3.902851e+03	7.501460e+01	2.354500e-03	1.000000e-05
3.913008e+03	7.519280e+01	2.355430e-03	1.000000e-05
3.923132e+03	7.536270e+01	2.354240e-03	1.000000e-05
3.933300e+03	7.552860e+01	2.353880e-03	1.000000e-05
3.943421e+03	7.569340e+01	2.351670e-03	1.000000e-05
3.953589e+03	7.586110e+01	2.358170e-03	1.000000e-05
3.963711e+03	7.602720e+01	2.354790e-03	1.000000e-05
3.973891e+03	7.619740e+01	2.355930e-03	1.000000e-05
3.984022e+03	7.636530e+01	2.356720e-03	1.000000e-05
3.994191e+03	7.653380e+01	2.356890e-03	1.000000e-05
4.004310e+03	7.670250e+01	2.359410e-03	1.000000e-05
4.014491e+03	7.687100e+01	2.364370e-03	1.000000e-05
4.024619e+03	7.703860e+01	2.362390e-03	1.000000e-05
4.034791e+03	7.720930e+01	2.361420e-03	1.000000e-05
4.044912e+03	7.737940e+01	2.363900e-03	1.000000e-05
4.055064e+03	7.755020e+01	2.361490e-03	1.000000e-05
4.065199e+03	7.771970e+01	2.363970e-03	1.000000e-05
4.075391e+03	7.788970e+01	2.361730e-03	1.000000e-05
4.085510e+03	7.805830e+01	2.367400e-03	1.000000e-05
4.095666e+03	7.822350e+01	2.368810e-03	1.000000e-05
4.105799e+03	7.839320e+01	2.367140e-03	1.000000e-05
4.115942e+03	7.856050e+01	2.368190e-03	1.000000e-05
4.126053e+03	7.873160e+01	2.372000e-03	1.000000e-05
4.136227e+03	7.890030e+01	2.364540e-03	1.000000e-05
4.146355e+03	7.907100e+01	2.367120e-03	1.000000e-05
4.156527e+03	7.923750e+01	2.368470e-03	1.000000e-05
4.166651e+03	7.940820e+01	2.364280e-03	1.000000e-05
4.176799e+03	7.957730e+01	2.373270e-03	1.000000e-05
4.186918e+03	7.974650e+01	2.371860e-03	1.000000e-05
4.197069e+03	7.991470e+01	2.371310e-03	1.000000e-05
4.207191e+03	8.009070e+01	2.371410e-03	1.000000e-05
4.217340e+03	8.026570e+01	2.373430e-03	1.000000e-05
4.227454e+03	8.043390e+01	2.375250e-03	1.000000e-05
4.237599e+03	8.059820e+01	2.373810e-03	1.000000e-05
4.247708e+03	8.076350e+01	2.376200e-03	1.000000e-05
4.257874e+03	8.092940e+01	2.372860e-03	1.000000e-05
4.267972e+03	8.109940e+01	2.373580e-03	1.000000e-05
4.278129e+03	8.126640e+01	2.373550e-03	1.000000e-05
4.288261e+03	8.143600e+01	2.375600e-03	1.000000e-05
4.298403e+03	8.160470e+01	2.376390e-03	1.000000e-05
4.308526e+03	8.177190e+01	2.377440e-03	1.000000e-05
4.318693e+03	8.194180e+01	2.376530e-03	1.000000e-05
4.328814e+03	8.211180e+01	2.380800e-03	1.000000e-05
4.338991e+03	8.228320e+01	2.382540e-03	1.000000e-05
4.349107e+03	8.245150e+01	2.378490e-03	1.000000e-05
4.359272e+03	8.262080e+01	2.382520e-03	1.000000e-05
4.369393e+03	8.278860e+01	2.382350e-03	1.000000e-05
4.379564e+03	8.295510e+01	2.380820e-03	1.000000e-05
4.389678e+03	8.312350e+01	2.382300e-03	1.000000e-05
4.399857e+03	8.329280e+01	2.382490e-03	1.000000e-05
4.409967e+03	8.346300e+01	2.384400e-03	1.000000e-05
4.420118e+03	8.363260e+01	2.384730e-03	1.000000e-05
4.430253e+03	8.380260e+01	2.386310e-03	1.000000e-05
4.440416e+03	8.397080e+01	2.383470e-03	1.000000e-05
4.450554e+03	8.414280e+01	2.383780e-03	1.000000e-05
4.460709e+03	8.431110e+01	2.389000e-03	1.000000e-05
4.470836e+03	8.447870e+01	2.384590e-03	1.000000e-05
4.481010e+03	8.464720e+01	2.387810e-03	1.000000e-05
4.491154e+03	8.481720e+01	2.387020e-03	1.000000e-05
4.501325e+03	8.498600e+01	2.388880e-03	1.000000e-05
4.511454e+03	8.516470e+01	2.393270e-03	1.000000e-05
4.521616e+03	8.533690e+01	2.388790e-03	1.000000e-05
4.531755e+03	8.550340e+01	2.391510e-03	1.000000e-05
4.541928e+03	8.566810e+01	2.391910e-03	1.000000e-05
4.552060e+03	8.583590e+01	2.390220e-03	1.000000e-05
4.562230e+03	8.600410e+01	2.392460e-03	1.000000e-05
4.572355e+03	8.617280e+01	2.386450e-03	1.000000e-05
4.582518e+03	8.634040e+01	2.390690e-03	1.000000e-05
4.592656e+03	8.650960e+01	2.396440e-03	1.000000e-05
4.602834e+03	8.667710e+01	2.395250e-03	1.000000e-05
4.612964e+03	8.684560e+01	2.395560e-03	1.000000e-05
4.623140e+03	8.701610e+01	2.399090e-03	1.000000e-05
4.633275e+03	8.718590e+01	2.400180e-03	1.000000e-05
4.643444e+03	8.735660e+01	2.396580e-03	1.000000e-05
4.653576e+03	8.752840e+01	2.395750e-03	1.000000e-05
4.663750e+03	8.769660e+01	2.397580e-03	1.000000e-05
4.673874e+03	8.786540e+01	2.398680e-03	1.000000e-05
4.684042e+03	8.803160e+01	2.398540e-03	1.000000e-05
4.694175e+03	8.819770e+01	2.397470e-03	1.000000e-05
4.704347e+03	8.836600e+01	2.397920e-03	1.000000e-05
4.714477e+03	8.854100e+01	2.401470e-03	1.000000e-05
4.724650e+03	8.871150e+01	2.402900e-03	1.000000e-05
4.734798e+03	8.888150e+01	2.402260e-03	1.000000e-05
4.744955e+03	8.904910e+01	2.400760e-03	1.000000e-05
4.755074e+03	8.921700e+01	2.400800e-03	1.000000e-05
4.765228e+03	8.938400e+01	2.403500e-03	1.000000e-05
4.775332e+03	8.954990e+01	2.402400e-03	1.000000e-05
4.785496e+03	8.972090e+01	2.403000e-03	1.000000e-05
4.795628e+03	8.989130e+01	2.404860e-03	1.000000e-05
4.805796e+03	9.006580e+01	2.400800e-03	1.000000e-05
4.815933e+03	9.024160e+01	2.403330e-03	1.000000e-05
4.826103e+03	9.040970e+01	2.405210e-03	1.000000e-05
4.836225e+03	9.057500e+01	2.405760e-03	1.000000e-05
4.846399e+03	9.074130e+01	2.410750e-03	1.000000e-05
4.856530e+03	9.090870e+01	2.406720e-03	1.000000e-05
4.866699e+03	9.107820e+01	2.411890e-03	1.000000e-05
4.876820e+03	9.124640e+01	2.412030e-03	1.000000e-05
4.886966e+03	9.141440e+01	2.409720e-03	1.000000e-05
4.897076e+03	9.158350e+01	2.413010e-03	1.000000e-05
4.907211e+03	9.175190e+01	2.409390e-03	1.000000e-05
4.917313e+03	9.191930e+01	2.412100e-03	1.000000e-05
4.927468e+03	9.208730e+01	2.412130e-03	1.000000e-05
4.937567e+03	9.225810e+01	2.415970e-03	1.000000e-05
4.947710e+03	9.242730e+01	2.417610e-03	1.000000e-05
4.957811e+03	9.259670e+01	2.412560e-03	1.000000e-05
4.967959e+03	9.276410e+01	2.414990e-03	1.000000e-05
4.978060e+03	9.293430e+01	2.415610e-03	1.000000e-05
4.988206e+03	9.310280e+01	2.414890e-03	1.000000e-05
4.998329e+03	9.327040e+01	2.416870e-03	1.000000e-05
5.008483e+03	9.343880e+01	2.417110e-03	1.000000e-05
5.018574e+03	9.360780e+01	2.414870e-03	1.000000e-05
5.028709e+03	9.377610e+01	2.419880e-03	1.000000e-05
5.038816e+03	9.394460e+01	2.419950e-03	1.000000e-05
5.048957e+03	9.411290e+01	2.417470e-03	1.000000e-05
5.059070e+03	9.428380e+01	2.423240e-03	1.000000e-05
5.069206e+03	9.445230e+01	2.422710e-03	1.000000e-05
5.079289e+03	9.462070e+01	2.420520e-03	1.000000e-05
5.089434e+03	9.478830e+01	2.422620e-03	1.000000e-05
5.099535e+03	9.495630e+01	2.421310e-03	1.000000e-05
5.109703e+03	9.513240e+01	2.422860e-03	1.000000e-05
5.119810e+03	9.530510e+01	2.424980e-03	1.000000e-05
5.129956e+03	9.547240e+01	2.420280e-03	1.000000e-05
5.140062e+03	9.563890e+01	2.421810e-03	1.000000e-05
5.150216e+03	9.580340e+01	2.422480e-03	1.000000e-05
5.160318e+03	9.597100e+01	2.423620e-03	1.000000e-05
5.170473e+03	9.613940e+01	2.424030e-03	1.000000e-05
5.180581e+03	9.630910e+01	2.428530e-03	1.000000e-05
5.190731e+03	9.647720e+01	2.430150e-03	1.000000e-05
5.200844e+03	9.664460e+01	2.430770e-03	1.000000e-05
5.211006e+03	9.681410e+01	2.427010e-03	1.000000e-05
5.221114e+03	9.698060e+01	2.429370e-03	1.000000e-05
5.231260e+03	9.715080e+01	2.427770e-03	1.000000e-05
5.241371e+03	9.732300e+01	2.431040e-03	1.000000e-05
5.251512e+03	9.749320e+01	2.431560e-03	1.000000e-05
5.261615e+03	9.766180e+01	2.431920e-03	1.000000e-05
5.271777e+03	9.782900e+01	2.436520e-03	1.000000e-05
5.281897e+03	9.799720e+01	2.433350e-03	1.000000e-05
5.292039e+03	9.816360e+01	2.430990e-03	1.000000e-05
5.302143e+03	9.833130e+01	2.434400e-03	1.000000e-05
5.312304e+03	9.850160e+01	2.432390e-03	1.000000e-05
5.322412e+03	9.867160e+01	2.437190e-03	1.000000e-05
5.332587e+03	9.884170e+01	2.437020e-03	1.000000e-05
5.342701e+03	9.901200e+01	2.435470e-03	1.000000e-05
5.352838e+03	9.918000e+01	2.440500e-03	1.000000e-05
5.362963e+03	9.934860e+01	2.433470e-03	1.000000e-05
5.373121e+03	9.951600e+01	2.437900e-03	1.000000e-05
5.383240e+03	9.968300e+01	2.436590e-03	1.000000e-05
5.393404e+03	9.985290e+01	2.440980e-03	1.000000e-05
5.403523e+03	1.000260e+02	2.441790e-03	1.000000e-05
5.413703e+03	1.002070e+02	2.440910e-03	1.000000e-05
5.423814e+03	1.003770e+02	2.442170e-03	1.000000e-05
5.433967e+03	1.005400e+02	2.445080e-03	1.000000e-05
5.444077e+03	1.007050e+02	2.444240e-03	1.000000e-05
5.454238e+03	1.008710e+02	2.441740e-03	1.000000e-05
5.464368e+03	1.010410e+02	2.445440e-03	1.000000e-05
5.474517e+03	1.012080e+02	2.444530e-03	1.000000e-05
5.484640e+03	1.013770e+02	2.446960e-03	1.000000e-05
5.494806e+03	1.015480e+02	2.447220e-03	1.000000e-05
5.504921e+03	1.017160e+02	2.446370e-03	1.000000e-05
5.515106e+03	1.018850e+02	2.445170e-03	1.000000e-05
5.525221e+03	1.020530e+02	2.450590e-03	1.000000e-05
5.535380e+03	1.022210e+02	2.450780e-03	1.000000e-05
5.545498e+03	1.023910e+02	2.451280e-03	1.000000e-05
5.555665e+03	1.025590e+02	2.449730e-03	1.000000e-05
5.565786e+03	1.027280e+02	2.451160e-03	1.000000e-05
5.575939e+03	1.028970e+02	2.451440e-03	1.000000e-05
5.586068e+03	1.030660e+02	2.449770e-03	1.000000e-05
5.596233e+03	1.032360e+02	2.450990e-03	1.000000e-05
5.606363e+03	1.034070e+02	2.452330e-03	1.000000e-05
5.616526e+03	1.035750e+02	2.456020e-03	1.000000e-05
5.626631e+03	1.037430e+02	2.454380e-03	1.000000e-05
5.636779e+03	1.039110e+02	2.456640e-03	1.000000e-05
5.646894e+03	1.040800e+02	2.457190e-03	1.000000e-05
5.657053e+03	1.042480e+02	2.458620e-03	1.000000e-05
5.667177e+03	1.044180e+02	2.457930e-03	1.000000e-05
5.677329e+03	1.045870e+02	2.459620e-03	1.000000e-05
5.687466e+03	1.047570e+02	2.458450e-03	1.000000e-05
5.697624e+03	1.049260e+02	2.460170e-03	1.000000e-05
5.707767e+03	1.050960e+02	2.464250e-03	1.000000e-05
5.717921e+03	1.052640e+02	2.460580e-03	1.000000e-05
5.728029e+03	1.054300e+02	2.462010e-03	1.000000e-05
5.738159e+03	1.055990e+02	2.460120e-03	1.000000e-05
5.748271e+03	1.057690e+02	2.465270e-03	1.000000e-05
5.758431e+03	1.059390e+02	2.464340e-03	1.000000e-05
5.768541e+03	1.061090e+02	2.469490e-03	1.000000e-05
5.778708e+03	1.062780e+02	2.468610e-03	1.000000e-05
5.788826e+03	1.064460e+02	2.466230e-03	1.000000e-05
5.798971e+03	1.066130e+02	2.464290e-03	1.000000e-05
5.809094e+03	1.067820e+02	2.466630e-03	1.000000e-05
5.819253e+03	1.069500e+02	2.468850e-03	1.000000e-05
5.829380e+03	1.071200e+02	2.467440e-03	1.000000e-05
5.839535e+03	1.072900e+02	2.468510e-03	1.000000e-05
5.849672e+03	1.074610e+02	2.468440e-03	1.000000e-05
5.859842e+03	1.076300e+02	2.470060e-03	1.000000e-05
5.869969e+03	1.077990e+02	2.472830e-03	1.000000e-05
5.880133e+03	1.079670e+02	2.471710e-03	1.000000e-05
5.890268e+03	1.081360e+02	2.471970e-03	1.000000e-05
5.900421e+03	1.083040e+02	2.473710e-03	1.000000e-05
5.910565e+03	1.084740e+02	2.476290e-03	1.000000e-05
5.920716e+03	1.086430e+02	2.477910e-03	1.000000e-05
5.930839e+03	1.088120e+02	2.473260e-03	1.000000e-05
5.940981e+03	1.089800e+02	2.475930e-03	1.000000e-05
5.951102e+03	1.091510e+02	2.472260e-03	1.000000e-05
5.961266e+03	1.093180e+02	2.475640e-03	1.000000e-05
5.971373e+03	1.094880e+02	2.479360e-03	1.000000e-05
5.981529e+03	1.096540e+02	2.475880e-03	1.000000e-05
5.991670e+03	1.098250e+02	2.478190e-03	1.000000e-05
6.001838e+03	1.099950e+02	2.477840e-03	1.000000e-05
6.011969e+03	1.101790e+02	2.482390e-03	1.000000e-05
6.022127e+03	1.103530e+02	2.478890e-03	1.000000e-05
6.032250e+03	1.105150e+02	2.478220e-03	1.000000e-05
6.042417e+03	1.106780e+02	2.481790e-03	1.000000e-05
6.052521e+03	1.108430e+02	2.477960e-03	1.000000e-05
6.062675e+03	1.110110e+02	2.483530e-03	1.000000e-05
6.072769e+03	1.111820e+02	2.482410e-03	1.000000e-05
6.082957e+03	1.113500e+02	2.482600e-03	1.000000e-05
6.093083e+03	1.115200e+02	2.485590e-03	1.000000e-05
6.103240e+03	1.116870e+02	2.484680e-03	1.000000e-05
6.113370e+03	1.118570e+02	2.487130e-03	1.000000e-05
6.123529e+03	1.120250e+02	2.485490e-03	1.000000e-05
6.133642e+03	1.121930e+02	2.485820e-03	1.000000e-05
6.143809e+03	1.123630e+02	2.486230e-03	1.000000e-05
6.153925e+03	1.125320e+02	2.485920e-03	1.000000e-05
6.164084e+03	1.126990e+02	2.490450e-03	1.000000e-05
6.174270e+03	1.128700e+02	2.489070e-03	1.000000e-05
6.184545e+03	1.130400e+02	2.493570e-03	1.000000e-05
6.194746e+03	1.132110e+02	2.491500e-03	1.000000e-05
6.204989e+03	1.133810e+02	2.492500e-03	1.000000e-05
6.215108e+03	1.135500e+02	2.488920e-03	1.000000e-05
6.225250e+03	1.137180e+02	2.492050e-03	1.000000e-05
6.235375e+03	1.138870e+02	2.490020e-03	1.000000e-05
6.245550e+03	1.140560e+02	2.495720e-03	1.000000e-05
6.255671e+03	1.142280e+02	2.496190e-03	1.000000e-05
6.265845e+03	1.143980e+02	2.493290e-03	1.000000e-05
6.275983e+03	1.145680e+02	2.497220e-03	1.000000e-05
6.286186e+03	1.147360e+02	2.499030e-03	1.000000e-05
6.296369e+03	1.149060e+02	2.496360e-03	1.000000e-05
6.306558e+03	1.150730e+02	2.497120e-03	1.000000e-05
6.316676e+03	1.152340e+02	2.499650e-03	1.000000e-05
6.326832e+03	1.153960e+02	2.499680e-03	1.000000e-05
6.336978e+03	1.155660e+02	2.499530e-03	1.000000e-05
6.347166e+03	1.157410e+02	2.500720e-03	1.000000e-05
6.357312e+03	1.159220e+02	2.503850e-03	1.000000e-05
6.367530e+03	1.160990e+02	2.501250e-03	1.000000e-05
6.377638e+03	1.162660e+02	2.502680e-03	1.000000e-05
6.387810e+03	1.164320e+02	2.498130e-03	1.000000e-05
6.397973e+03	1.165980e+02	2.503990e-03	1.000000e-05
6.408211e+03	1.167670e+02	2.509570e-03	1.000000e-05
6.418399e+03	1.169370e+02	2.507710e-03	1.000000e-05
6.428617e+03	1.171080e+02	2.507760e-03	1.000000e-05
6.438748e+03	1.172760e+02	2.506850e-03	1.000000e-05
6.448918e+03	1.174460e+02	2.510980e-03	1.000000e-05
6.459072e+03	1.176160e+02	2.508850e-03	1.000000e-05
6.469249e+03	1.177850e+02	2.513790e-03	1.000000e-05
6.479371e+03	1.179540e+02	2.511330e-03	1.000000e-05
6.489574e+03	1.181230e+02	2.515480e-03	1.000000e-05
6.499772e+03	1.182950e+02	2.511140e-03	1.000000e-05
6.510037e+03	1.184660e+02	2.513380e-03	1.000000e-05
6.520172e+03	1.186360e+02	2.513620e-03	1.000000e-05
6.530344e+03	1.188050e+02	2.514580e-03	1.000000e-05
6.540448e+03	1.189720e+02	2.513930e-03	1.000000e-05
6.550593e+03	1.191400e+02	2.516680e-03	1.000000e-05
6.560771e+03	1.193120e+02	2.517270e-03	1.000000e-05
6.570951e+03	1.194790e+02	2.516680e-03	1.000000e-05
6.581072e+03	1.196490e+02	2.519110e-03	1.000000e-05
6.591313e+03	1.198210e+02	2.518730e-03	1.000000e-05
6.601506e+03	1.199920e+02	2.522090e-03	1.000000e-05
6.611653e+03	1.201730e+02	2.521280e-03	1.000000e-05
6.621852e+03	1.203450e+02	2.520540e-03	1.000000e-05
6.632060e+03	1.205090e+02	2.522540e-03	1.000000e-05
6.642239e+03	1.206750e+02	2.527260e-03	1.000000e-05
6.652421e+03	1.208420e+02	2.526500e-03	1.000000e-05
6.662527e+03	1.210100e+02	2.527280e-03	1.000000e-05
6.672713e+03	1.211800e+02	2.532770e-03	1.000000e-05
6.682829e+03	1.213490e+02	2.533290e-03	1.000000e-05
6.693083e+03	1.215180e+02	2.530310e-03	1.000000e-05
6.703189e+03	1.216870e+02	2.531410e-03	1.000000e-05
6.713369e+03	1.218560e+02	2.531460e-03	1.000000e-05
6.723526e+03	1.220260e+02	2.531030e-03	1.000000e-05
6.733724e+03	1.221930e+02	2.531030e-03	1.000000e-05
6.743903e+03	1.223640e+02	2.535750e-03	1.000000e-05
6.754093e+03	1.225340e+02	2.533390e-03	1.000000e-05
6.764254e+03	1.227040e+02	2.535410e-03	1.000000e-05
6.774465e+03	1.228730e+02	2.538610e-03	1.000000e-05
6.784647e+03	1.230430e+02	2.537040e-03	1.000000e-05
6.794830e+03	1.232120e+02	2.536920e-03	1.000000e-05
6.804945e+03	1.233800e+02	2.539350e-03	1.000000e-05
6.815113e+03	1.235510e+02	2.539680e-03	1.000000e-05
6.825284e+03	1.237210e+02	2.540590e-03	1.000000e-05
6.835515e+03	1.238910e+02	2.544280e-03	1.000000e-05
6.845619e+03	1.240610e+02	2.538130e-03	1.000000e-05
6.855780e+03	1.242290e+02	2.541110e-03	1.000000e-05
6.865895e+03	1.243980e+02	2.546980e-03	1.000000e-05
6.876032e+03	1.245660e+02	2.545760e-03	1.000000e-05
6.886152e+03	1.247330e+02	2.548460e-03	1.000000e-05
6.896317e+03	1.249020e+02	2.546860e-03	1.000000e-05
6.906438e+03	1.250720e+02	2.550460e-03	1.000000e-05
6.916613e+03	1.252430e+02	2.549530e-03	1.000000e-05
6.926722e+03	1.254120e+02	2.550050e-03	1.000000e-05
6.936879e+03	1.255810e+02	2.550050e-03	1.000000e-05
6.946974e+03	1.257500e+02	2.549820e-03	1.000000e-05
6.957133e+03	1.259170e+02	2.553270e-03	1.000000e-05
6.967255e+03	1.260850e+02	2.556230e-03	1.000000e-05
6.977420e+03	1.262540e+02	2.556490e-03	1.000000e-05
6.987537e+03	1.264210e+02	2.558400e-03	1.000000e-05
6.997691e+03	1.265910e+02	2.559900e-03	1.000000e-05
7.007817e+03	1.267630e+02	2.557750e-03	1.000000e-05
7.017971e+03	1.269340e+02	2.556160e-03	1.000000e-05
7.028094e+03	1.271030e+02	2.560280e-03	1.000000e-05
7.038252e+03	1.272700e+02	2.556850e-03	1.000000e-05
7.048374e+03	1.274380e+02	2.557870e-03	1.000000e-05
7.058517e+03	1.276050e+02	2.560190e-03	1.000000e-05
7.068644e+03	1.277720e+02	2.560380e-03	1.000000e-05
7.078816e+03	1.279430e+02	2.556400e-03	1.000000e-05
7.088929e+03	1.281130e+02	2.563410e-03	1.000000e-05
7.099094e+03	1.282840e+02	2.560540e-03	1.000000e-05
7.109222e+03	1.284550e+02	2.561550e-03	1.000000e-05
7.119368e+03	1.286230e+02	2.563020e-03	1.000000e-05
7.129483e+03	1.287910e+02	2.564410e-03	1.000000e-05
7.139638e+03	1.289580e+02	2.563880e-03	1.000000e-05
7.149739e+03	1.291250e+02	2.565030e-03	1.000000e-05
7.159887e+03	1.292920e+02	2.564690e-03	1.000000e-05
7.170005e+03	1.294640e+02	2.566500e-03	1.000000e-05
7.180147e+03	1.296340e+02	2.566810e-03	1.000000e-05
7.190276e+03	1.298060e+02	2.567170e-03	1.000000e-05
7.200425e+03	1.299740e+02	2.567980e-03	1.000000e-05
7.210549e+03	1.301520e+02	2.571610e-03	1.000000e-05
7.220718e+03	1.303240e+02	2.571230e-03	1.000000e-05
7.230846e+03	1.304880e+02	2.571490e-03	1.000000e-05
7.241016e+03	1.306520e+02	2.569960e-03	1.000000e-05
7.251139e+03	1.308200e+02	2.573750e-03	1.000000e-05
7.261318e+03	1.309910e+02	2.571340e-03	1.000000e-05
7.271436e+03	1.311590e+02	2.575540e-03	1.000000e-05
7.281599e+03	1.313270e+02	2.578450e-03	1.000000e-05
7.291722e+03	1.314970e+02	2.579020e-03	1.000000e-05
7.301889e+03	1.316640e+02	2.578450e-03	1.000000e-05
7.312013e+03	1.318340e+02	2.576880e-03	1.000000e-05
7.322178e+03	1.320020e+02	2.578500e-03	1.000000e-05
7.332297e+03	1.321720e+02	2.577880e-03	1.000000e-05
7.342461e+03	1.323400e+02	2.582340e-03	1.000000e-05
7.352579e+03	1.325090e+02	2.586820e-03	1.000000e-05
7.362746e+03	1.326780e+02	2.582720e-03	1.000000e-05
7.372879e+03	1.328480e+02	2.583500e-03	1.000000e-05
7.383046e+03	1.330160e+02	2.584360e-03	1.000000e-05
7.393177e+03	1.331860e+02	2.585220e-03	1.000000e-05
7.403341e+03	1.333540e+02	2.588060e-03	1.000000e-05
7.413446e+03	1.335220e+02	2.588960e-03	1.000000e-05
7.423618e+03	1.336930e+02	2.581100e-03	1.000000e-05
7.433748e+03	1.338620e+02	2.586270e-03	1.000000e-05
7.443918e+03	1.340330e+02	2.591820e-03	1.000000e-05
7.454035e+03	1.342020e+02	2.589130e-03	1.000000e-05
7.464219e+03	1.343700e+02	2.584430e-03	1.000000e-05
7.474345e+03	1.345370e+02	2.588990e-03	1.000000e-05
7.484520e+03	1.347050e+02	2.589680e-03	1.000000e-05
7.494630e+03	1.348730e+02	2.588110e-03	1.000000e-05
7.504819e+03	1.350450e+02	2.588200e-03	1.000000e-05
7.514955e+03	1.352150e+02	2.593710e-03	1.000000e-05
7.525126e+03	1.353870e+02	2.593300e-03	1.000000e-05
7.535280e+03	1.355570e+02	2.593040e-03	1.000000e-05
7.545448e+03	1.357250e+02	2.594640e-03	1.000000e-05
7.555579e+03	1.358920e+02	2.596120e-03	1.000000e-05
7.565742e+03	1.360580e+02	2.593730e-03	1.000000e-05
7.575881e+03	1.362270e+02	2.601360e-03	1.000000e-05
7.586054e+03	1.363970e+02	2.598170e-03	1.000000e-05
7.596158e+03	1.365680e+02	2.599450e-03	1.000000e-05
7.606331e+03	1.367390e+02	2.600930e-03	1.000000e-05
7.616460e+03	1.369100e+02	2.599910e-03	1.000000e-05
7.626620e+03	1.370780e+02	2.603770e-03	1.000000e-05
7.636747e+03	1.372440e+02	2.603360e-03	1.000000e-05
7.646920e+03	1.374120e+02	2.603100e-03	1.000000e-05
7.657040e+03	1.375800e+02	2.602980e-03	1.000000e-05
7.667201e+03	1.377500e+02	2.603840e-03	1.000000e-05
7.677340e+03	1.379210e+02	2.608060e-03	1.000000e-05
7.687521e+03	1.380920e+02	2.607350e-03	1.000000e-05
7.697653e+03	1.382610e+02	2.609750e-03	1.000000e-05
7.707824e+03	1.384300e+02	2.610800e-03	1.000000e-05
7.717927e+03	1.385970e+02	2.612090e-03	1.000000e-05
7.728094e+03	1.387640e+02	2.611730e-03	1.000000e-05
7.738212e+03	1.389320e+02	2.614360e-03	1.000000e-05
7.748399e+03	1.391010e+02	2.616690e-03	1.000000e-05
7.758522e+03	1.392730e+02	2.617140e-03	1.000000e-05
7.768690e+03	1.394440e+02	2.612850e-03	1.000000e-05
7.778813e+03	1.396150e+02	2.616450e-03	1.000000e-05
7.788949e+03	1.397840e+02	2.618170e-03	1.000000e-05
7.799082e+03	1.399510e+02	2.617290e-03	1.000000e-05
7.809243e+03	1.401250e+02	2.618170e-03	1.000000e-05
7.819361e+03	1.402980e+02	2.617880e-03	1.000000e-05
7.829522e+03	1.404660e+02	2.621270e-03	1.000000e-05
7.839644e+03	1.406310e+02	2.621530e-03	1.000000e-05
7.849785e+03	1.407970e+02	2.624420e-03	1.000000e-05
7.859914e+03	1.409670e+02	2.619740e-03	1.000000e-05
7.870083e+03	1.411360e+02	2.622770e-03	1.000000e-05
7.880201e+03	1.413050e+02	2.625540e-03	1.000000e-05
7.890352e+03	1.414720e+02	2.624890e-03	1.000000e-05
7.900462e+03	1.416410e+02	2.625040e-03	1.000000e-05
7.910623e+03	1.418100e+02	2.628210e-03	1.000000e-05
7.920728e+03	1.419790e+02	2.629710e-03	1.000000e-05
7.930868e+03	1.421470e+02	2.632590e-03	1.000000e-05
7.940983e+03	1.423160e+02	2.631520e-03	1.000000e-05
7.951153e+03	1.424840e+02	2.629070e-03	1.000000e-05
7.961296e+03	1.426530e+02	2.633930e-03	1.000000e-05
7.971454e+03	1.428220e+02	2.633050e-03	1.000000e-05
7.981585e+03	1.429930e+02	2.633620e-03	1.000000e-05
7.991744e+03	1.431620e+02	2.635410e-03	1.000000e-05
8.001844e+03	1.433300e+02	2.634380e-03	1.000000e-05
8.011992e+03	1.435000e+02	2.635740e-03	1.000000e-05
8.022116e+03	1.436700e+02	2.637580e-03	1.000000e-05
8.032278e+03	1.438380e+02	2.639410e-03	1.000000e-05
8.042411e+03	1.440060e+02	2.639060e-03	1.000000e-05
8.052576e+03	1.441740e+02	2.641680e-03	1.000000e-05
8.062699e+03	1.443420e+02	2.642350e-03	1.000000e-05
8.072865e+03	1.445100e+02	2.645900e-03	1.000000e-05
8.082989e+03	1.446820e+02	2.643940e-03	1.000000e-05
8.093151e+03	1.448530e+02	2.645640e-03	1.000000e-05
8.103283e+03	1.450230e+02	2.645470e-03	1.000000e-05
8.113439e+03	1.451900e+02	2.646300e-03	1.000000e-05
8.123561e+03	1.453580e+02	2.649160e-03	1.000000e-05
8.133726e+03	1.455270e+02	2.647520e-03	1.000000e-05
8.143852e+03	1.456940e+02	2.647070e-03	1.000000e-05
8.154024e+03	1.458640e+02	2.648140e-03	1.000000e-05
8.164146e+03	1.460330e+02	2.652570e-03	1.000000e-05
8.174298e+03	1.462040e+02	2.647900e-03	1.000000e-05
8.184426e+03	1.463740e+02	2.653050e-03	1.000000e-05
8.194604e+03	1.465430e+02	2.651380e-03	1.000000e-05
8.204732e+03	1.467120e+02	2.651170e-03	1.000000e-05
8.214898e+03	1.468780e+02	2.655740e-03	1.000000e-05
8.225021e+03	1.470470e+02	2.651020e-03	1.000000e-05
8.235187e+03	1.472160e+02	2.654810e-03	1.000000e-05
8.245292e+03	1.473840e+02	2.657720e-03	1.000000e-05
8.255429e+03	1.475540e+02	2.658630e-03	1.000000e-05
8.265561e+03	1.477250e+02	2.659580e-03	1.000000e-05
8.275727e+03	1.478970e+02	2.660160e-03	1.000000e-05
8.285850e+03	1.480660e+02	2.659800e-03	1.000000e-05
8.296025e+03	1.482330e+02	2.658820e-03	1.000000e-05
8.306146e+03	1.484000e+02	2.663870e-03	1.000000e-05
8.316324e+03	1.485700e+02	2.661250e-03	1.000000e-05
8.326437e+03	1.487370e+02	2.664350e-03	1.000000e-05
8.336598e+03	1.489060e+02	2.667070e-03	1.000000e-05
8.346693e+03	1.490770e+02	2.668500e-03	1.000000e-05
8.356852e+03	1.492470e+02	2.668140e-03	1.000000e-05
8.366985e+03	1.494180e+02	2.668810e-03	1.000000e-05
8.377131e+03	1.495860e+02	2.668120e-03	1.000000e-05
8.387228e+03	1.497530e+02	2.670240e-03	1.000000e-05
8.397381e+03	1.499200e+02	2.666500e-03	1.000000e-05
8.407486e+03	1.500940e+02	2.671690e-03	1.000000e-05
8.417652e+03	1.502710e+02	2.674770e-03	1.000000e-05
8.427785e+03	1.504420e+02	2.676250e-03	1.000000e-05
8.437928e+03	1.506050e+02	2.676270e-03	1.000000e-05
8.448056e+03	1.507700e+02	2.674270e-03	1.000000e-05
8.458226e+03	1.509380e+02	2.676820e-03	1.000000e-05
8.468357e+03	1.511060e+02	2.676110e-03	1.000000e-05
8.478527e+03	1.512770e+02	2.677180e-03	1.000000e-05
8.488651e+03	1.514460e+02	2.675460e-03	1.000000e-05
8.498827e+03	1.516130e+02	2.678060e-03	1.000000e-05
8.508954e+03	1.517820e+02	2.680440e-03	1.000000e-05
8.519127e+03	1.519530e+02	2.687790e-03	1.000000e-05
8.529286e+03	1.521230e+02	2.685210e-03	1.000000e-05
8.539458e+03	1.522910e+02	2.684590e-03	1.000000e-05
8.549550e+03	1.524590e+02	2.686100e-03	1.000000e-05
8.559730e+03	1.526280e+02	2.687000e-03	1.000000e-05
8.569830e+03	1.527970e+02	2.688150e-03	1.000000e-05
8.579999e+03	1.529650e+02	2.687760e-03	1.000000e-05
8.590127e+03	1.531330e+02	2.690960e-03	1.000000e-05
8.600286e+03	1.533030e+02	2.690030e-03	1.000000e-05
8.610416e+03	1.534730e+02	2.692150e-03	1.000000e-05
8.620554e+03	1.536420e+02	2.692960e-03	1.000000e-05
8.630689e+03	1.538110e+02	2.693720e-03	1.000000e-05
8.640858e+03	1.539810e+02	2.697560e-03	1.000000e-05
8.650967e+03	1.541500e+02	2.696230e-03	1.000000e-05
8.661137e+03	1.543190e+02	2.696440e-03	1.000000e-05
8.671260e+03	1.544850e+02	2.695470e-03	1.000000e-05
8.681429e+03	1.546550e+02	2.698230e-03	1.000000e-05
8.691538e+03	1.548230e+02	2.702760e-03	1.000000e-05
8.701704e+03	1.549930e+02	2.702670e-03	1.000000e-05
8.711822e+03	1.551640e+02	2.699070e-03	1.000000e-05
8.721963e+03	1.553330e+02	2.704640e-03	1.000000e-05
8.732090e+03	1.555020e+02	2.700090e-03	1.000000e-05
8.742258e+03	1.556700e+02	2.704500e-03	1.000000e-05
8.752390e+03	1.558380e+02	2.703620e-03	1.000000e-05
8.762550e+03	1.560050e+02	2.703790e-03	1.000000e-05
8.772689e+03	1.561770e+02	2.707390e-03	1.000000e-05
8.782861e+03	1.563460e+02	2.709650e-03	1.000000e-05
8.792967e+03	1.565170e+02	2.710080e-03	1.000000e-05
8.803133e+03	1.566870e+02	2.713590e-03	1.000000e-05
8.813256e+03	1.568560e+02	2.709770e-03	1.000000e-05
8.823429e+03	1.570230e+02	2.712300e-03	1.000000e-05
8.833550e+03	1.571900e+02	2.714370e-03	1.000000e-05
8.843712e+03	1.573580e+02	2.717640e-03	1.000000e-05
8.853836e+03	1.575270e+02	2.719240e-03	1.000000e-05
8.864002e+03	1.576970e+02	2.717300e-03	1.000000e-05
8.874134e+03	1.578690e+02	2.718930e-03	1.000000e-05
8.884274e+03	1.580380e+02	2.723620e-03	1.000000e-05
8.894390e+03	1.582080e+02	2.722720e-03	1.000000e-05
8.904560e+03	1.583740e+02	2.722050e-03	1.000000e-05
8.914772e+03	1.585440e+02	2.717280e-03	1.000000e-05
8.924932e+03	1.587120e+02	2.720570e-03	1.000000e-05
8.935059e+03	1.588810e+02	2.725080e-03	1.000000e-05
8.945234e+03	1.590520e+02	2.727510e-03	1.000000e-05
8.955364e+03	1.592220e+02	2.725650e-03	1.000000e-05
8.965533e+03	1.593930e+02	2.726080e-03	1.000000e-05
8.975647e+03	1.595600e+02	2.727460e-03	1.000000e-05
8.985832e+03	1.597290e+02	2.728490e-03	1.000000e-05
8.995950e+03	1.598970e+02	2.727630e-03	1.000000e-05
9.006109e+03	1.600670e+02	2.727060e-03	1.000000e-05
9.016245e+03	1.602460e+02	2.730470e-03	1.000000e-05
9.026431e+03	1.604170e+02	2.733920e-03	1.000000e-05
9.036544e+03	1.605830e+02	2.735590e-03	1.000000e-05
9.046711e+03	1.607470e+02	2.737020e-03	1.000000e-05
9.056845e+03	1.609160e+02	2.740170e-03	1.000000e-05
9.066984e+03	1.610850e+02	2.737590e-03	1.000000e-05
9.077113e+03	1.612520e+02	2.739290e-03	1.000000e-05
9.087283e+03	1.614230e+02	2.738640e-03	1.000000e-05
9.097420e+03	1.615910e+02	2.740030e-03	1.000000e-05
9.107594e+03	1.617590e+02	2.743960e-03	1.000000e-05
9.117722e+03	1.619280e+02	2.742290e-03	1.000000e-05
9.127888e+03	1.620980e+02	2.742670e-03	1.000000e-05
9.138027e+03	1.622670e+02	2.740070e-03	1.000000e-05
9.148197e+03	1.624360e+02	2.739120e-03	1.000000e-05
9.158328e+03	1.626050e+02	2.741380e-03	1.000000e-05
9.168496e+03	1.627740e+02	2.747920e-03	1.000000e-05
9.178625e+03	1.629430e+02	2.748010e-03	1.000000e-05
9.188790e+03	1.631120e+02	2.746320e-03	1.000000e-05
9.198918e+03	1.632820e+02	2.746390e-03	1.000000e-05
9.209094e+03	1.634500e+02	2.752210e-03	1.000000e-05
9.219218e+03	1.636200e+02	2.747700e-03	1.000000e-05
9.229389e+03	1.637880e+02	2.749300e-03	1.000000e-05
9.239514e+03	1.639580e+02	2.755930e-03	1.000000e-05
9.249689e+03	1.641270e+02	2.752660e-03	1.000000e-05
9.259831e+03	1.642960e+02	2.753540e-03	1.000000e-05
9.270007e+03	1.644640e+02	2.753810e-03	1.000000e-05
9.280138e+03	1.646360e+02	2.753930e-03	1.000000e-05
9.290309e+03	1.648030e+02	2.754690e-03	1.000000e-05
9.300433e+03	1.649730e+02	2.758670e-03	1.000000e-05
9.310595e+03	1.651430e+02	2.758790e-03	1.000000e-05
9.320711e+03	1.653120e+02	2.759790e-03	1.000000e-05
9.330883e+03	1.654800e+02	2.757260e-03	1.000000e-05
9.341017e+03	1.656490e+02	2.758260e-03	1.000000e-05
9.351183e+03	1.658180e+02	2.764150e-03	1.000000e-05
9.361313e+03	1.659890e+02	2.764080e-03	1.000000e-05
9.371486e+03	1.661560e+02	2.765560e-03	1.000000e-05
9.381626e+03	1.663250e+02	2.765850e-03	1.000000e-05
9.391806e+03	1.664950e+02	2.767730e-03	1.000000e-05
9.401924e+03	1.666650e+02	2.770260e-03	1.000000e-05
9.412098e+03	1.668340e+02	2.769060e-03	1.000000e-05
9.422228e+03	1.670040e+02	2.771260e-03	1.000000e-05
9.432372e+03	1.671710e+02	2.769330e-03	1.000000e-05
9.442508e+03	1.673410e+02	2.772640e-03	1.000000e-05
9.452675e+03	1.675090e+02	2.771950e-03	1.000000e-05
9.462802e+03	1.676780e+02	2.775220e-03	1.000000e-05
9.472963e+03	1.678480e+02	2.773670e-03	1.000000e-05
9.483097e+03	1.680180e+02	2.774240e-03	1.000000e-05
9.493274e+03	1.681890e+02	2.778220e-03	1.000000e-05
9.503399e+03	1.683570e+02	2.779840e-03	1.000000e-05
9.513569e+03	1.685250e+02	2.780720e-03	1.000000e-05
9.523672e+03	1.686920e+02	2.777650e-03	1.000000e-05
9.533843e+03	1.688600e+02	2.782650e-03	1.000000e-05
9.543976e+03	1.690280e+02	2.780820e-03	1.000000e-05
9.554154e+03	1.692010e+02	2.782700e-03	1.000000e-05
9.564297e+03	1.693730e+02	2.783490e-03	1.000000e-05
9.574470e+03	1.695440e+02	2.786330e-03	1.000000e-05
9.584577e+03	1.697100e+02	2.784010e-03	1.000000e-05
9.594742e+03	1.698790e+02	2.786040e-03	1.000000e-05
9.604897e+03	1.700500e+02	2.789710e-03	1.000000e-05
9.615075e+03	1.702250e+02	2.785830e-03	1.000000e-05
9.625197e+03	1.703950e+02	2.790520e-03	1.000000e-05
9.635337e+03	1.705590e+02	2.789020e-03	1.000000e-05
9.645466e+03	1.707260e+02	2.794080e-03	1.000000e-05
9.655636e+03	1.708970e+02	2.791210e-03	1.000000e-05
9.665754e+03	1.710630e+02	2.795150e-03	1.000000e-05
9.675938e+03	1.712350e+02	2.797770e-03	1.000000e-05
9.686052e+03	1.714010e+02	2.798630e-03	1.000000e-05
9.696237e+03	1.715730e+02	2.798490e-03	1.000000e-05
9.706369e+03	1.717390e+02	2.800270e-03	1.000000e-05
9.716539e+03	1.719080e+02	2.800180e-03	1.000000e-05
9.726655e+03	1.720770e+02	2.798840e-03	1.000000e-05
9.736837e+03	1.722460e+02	2.803180e-03	1.000000e-05
9.746975e+03	1.724170e+02	2.801390e-03	1.000000e-05
9.757146e+03	1.725870e+02	2.802300e-03	1.000000e-05
9.767259e+03	1.727550e+02	2.802490e-03	1.000000e-05
9.777437e+03	1.729230e+02	2.809100e-03	1.000000e-05
9.787551e+03	1.730900e+02	2.806950e-03	1.000000e-05
9.797721e+03	1.732590e+02	2.801990e-03	1.000000e-05
9.807839e+03	1.734270e+02	2.805330e-03	1.000000e-05
9.817983e+03	1.736000e+02	2.805230e-03	1.000000e-05
9.828117e+03	1.737710e+02	2.811360e-03	1.000000e-05
9.838282e+03	1.739400e+02	2.809670e-03	1.000000e-05
9.848415e+03	1.741090e+02	2.812290e-03	1.000000e-05
9.858564e+03	1.742750e+02	2.809020e-03	1.000000e-05
9.868697e+03	1.744440e+02	2.816220e-03	1.000000e-05
9.878860e+03	1.746120e+02	2.818040e-03	1.000000e-05
9.889000e+03	1.747810e+02	2.814910e-03	1.000000e-05
9.899161e+03	1.749510e+02	2.815440e-03	1.000000e-05
9.909312e+03	1.751210e+02	2.819370e-03	1.000000e-05
9.919480e+03	1.752910e+02	2.819090e-03	1.000000e-05
9.929604e+03	1.754630e+02	2.816560e-03	1.000000e-05
9.939769e+03	1.756300e+02	2.822420e-03	1.000000e-05
9.949901e+03	1.757980e+02	2.823570e-03	1.000000e-05
9.960078e+03	1.759650e+02	2.823660e-03	1.000000e-05
9.970214e+03	1.761360e+02	2.822900e-03	1.000000e-05
9.980388e+03	1.763030e+02	2.824900e-03	1.000000e-05
9.990518e+03	1.764760e+02	2.825240e-03	1.000000e-05
1.000069e+04	1.766430e+02	2.824570e-03	1.000000e-05
1.001083e+04	1.768140e+02	2.831550e-03	1.000000e-05
1.002099e+04	1.769850e+02	2.827760e-03	1.000000e-05
1.003111e+04	1.771520e+02	2.827760e-03	1.000000e-05
1.004127e+04	1.773180e+02	2.832220e-03	1.000000e-05
1.005140e+04	1.774880e+02	2.829840e-03	1.000000e-05
1.006157e+04	1.776550e+02	2.832170e-03	1.000000e-05
1.007171e+04	1.778280e+02	2.830120e-03	1.000000e-05
1.008187e+04	1.779960e+02	2.833910e-03	1.000000e-05
1.009201e+04	1.781680e+02	2.835540e-03	1.000000e-05
1.010219e+04	1.783360e+02	2.834200e-03	1.000000e-05
1.011231e+04	1.785070e+02	2.836160e-03	1.000000e-05
1.012249e+04	1.786740e+02	2.839640e-03	1.000000e-05
1.013261e+04	1.788420e+02	2.840230e-03	1.000000e-05
1.014276e+04	1.790100e+02	2.840520e-03	1.000000e-05
1.015286e+04	1.791790e+02	2.837870e-03	1.000000e-05
1.016304e+04	1.793500e+02	2.844260e-03	1.000000e-05
1.017316e+04	1.795180e+02	2.843360e-03	1.000000e-05
1.018334e+04	1.796900e+02	2.841830e-03	1.000000e-05
1.019347e+04	1.798570e+02	2.843860e-03	1.000000e-05
1.020365e+04	1.800280e+02	2.849870e-03	1.000000e-05
1.021377e+04	1.802040e+02	2.846600e-03	1.000000e-05
1.022394e+04	1.803750e+02	2.850580e-03	1.000000e-05
1.023407e+04	1.805370e+02	2.852080e-03	1.000000e-05
1.024426e+04	1.807070e+02	2.853270e-03	1.000000e-05
1.025440e+04	1.808750e+02	2.853560e-03	1.000000e-05
1.026459e+04	1.810450e+02	2.851250e-03	1.000000e-05
1.027471e+04	1.812140e+02	2.855420e-03	1.000000e-05
1.028489e+04	1.813820e+02	2.857900e-03	1.000000e-05
1.029500e+04	1.815520e+02	2.860500e-03	1.000000e-05
1.030516e+04	1.817190e+02	2.859280e-03	1.000000e-05
1.031530e+04	1.818890e+02	2.858900e-03	1.000000e-05
1.032548e+04	1.820570e+02	2.857610e-03	1.000000e-05
1.033561e+04	1.822260e+02	2.861710e-03	1.000000e-05
1.034578e+04	1.823950e+02	2.860980e-03	1.000000e-05
1.035592e+04	1.825650e+02	2.863550e-03	1.000000e-05
1.036609e+04	1.827350e+02	2.861740e-03	1.000000e-05
1.037620e+04	1.829030e+02	2.867820e-03	1.000000e-05
1.038638e+04	1.830720e+02	2.865360e-03	1.000000e-05
1.039651e+04	1.832420e+02	2.867440e-03	1.000000e-05
1.040668e+04	1.834100e+02	2.864890e-03	1.000000e-05
1.041681e+04	1.835810e+02	2.868990e-03	1.000000e-05
1.042699e+04	1.837490e+02	2.867840e-03	1.000000e-05
1.043712e+04	1.839210e+02	2.867980e-03	1.000000e-05
1.044730e+04	1.840880e+02	2.869630e-03	1.000000e-05
1.045741e+04	1.842560e+02	2.875850e-03	1.000000e-05
1.046758e+04	1.844230e+02	2.875500e-03	1.000000e-05
1.047772e+04	1.845950e+02	2.874160e-03	1.000000e-05
1.048788e+04	1.847630e+02	2.878880e-03	1.000000e-05
1.049802e+04	1.849360e+02	2.873800e-03	1.000000e-05
1.050819e+04	1.851040e+02	2.874830e-03	1.000000e-05
1.051832e+04	1.852740e+02	2.876020e-03	1.000000e-05
1.052850e+04	1.854410e+02	2.878830e-03	1.000000e-05
1.053862e+04	1.856090e+02	2.880260e-03	1.000000e-05
1.054878e+04	1.857770e+02	2.884050e-03	1.000000e-05
1.055891e+04	1.859480e+02	2.881930e-03	1.000000e-05
1.056908e+04	1.861170e+02	2.882960e-03	1.000000e-05
1.057922e+04	1.862870e+02	2.883550e-03	1.000000e-05
1.058938e+04	1.864560e+02	2.886580e-03	1.000000e-05
1.059952e+04	1.866240e+02	2.885960e-03	1.000000e-05
1.060968e+04	1.867910e+02	2.889900e-03	1.000000e-05
1.061981e+04	1.869630e+02	2.889940e-03	1.000000e-05
1.062997e+04	1.871340e+02	2.891450e-03	1.000000e-05
1.064011e+04	1.873030e+02	2.891230e-03	1.000000e-05
1.065029e+04	1.874720e+02	2.892680e-03	1.000000e-05
1.066042e+04	1.876390e+02	2.893660e-03	1.000000e-05
1.067059e+04	1.878070e+02	2.894350e-03	1.000000e-05
1.068073e+04	1.879780e+02	2.899070e-03	1.000000e-05
1.069089e+04	1.881440e+02	2.896330e-03	1.000000e-05
1.070102e+04	1.883170e+02	2.900860e-03	1.000000e-05
1.071119e+04	1.884870e+02	2.897070e-03	1.000000e-05
1.072131e+04	1.886570e+02	2.896740e-03	1.000000e-05
1.073148e+04	1.888240e+02	2.900790e-03	1.000000e-05
1.074162e+04	1.889910e+02	2.899720e-03	1.000000e-05
1.075180e+04	1.891600e+02	2.901670e-03	1.000000e-05
1.076193e+04	1.893300e+02	2.904460e-03	1.000000e-05
1.077210e+04	1.894990e+02	2.906440e-03	1.000000e-05
1.078223e+04	1.896710e+02	2.906940e-03	1.000000e-05
1.079239e+04	1.898400e+02	2.910950e-03	1.000000e-05
1.080253e+04	1.900120e+02	2.908040e-03	1.000000e-05
1.081271e+04	1.901850e+02	2.908640e-03	1.000000e-05
1.082284e+04	1.903550e+02	2.911090e-03	1.000000e-05
1.083301e+04	1.905200e+02	2.909470e-03	1.000000e-05
1.084313e+04	1.906890e+02	2.909800e-03	1.000000e-05
1.085331e+04	1.908540e+02	2.912450e-03	1.000000e-05
1.086344e+04	1.910270e+02	2.912970e-03	1.000000e-05
1.087361e+04	1.911940e+02	2.917700e-03	1.000000e-05
1.088374e+04	1.913650e+02	2.913710e-03	1.000000e-05
1.089391e+04	1.915320e+02	2.919670e-03	1.000000e-05
1.090404e+04	1.917020e+02	2.915050e-03	1.000000e-05
1.091421e+04	1.918700e+02	2.919480e-03	1.000000e-05
1.092435e+04	1.920390e+02	2.920030e-03	1.000000e-05
1.093452e+04	1.922090e+02	2.922230e-03	1.000000e-05
1.094465e+04	1.923770e+02	2.925990e-03	1.000000e-05
1.095479e+04	1.925460e+02	2.920960e-03	1.000000e-05
1.096492e+04	1.927150e+02	2.926990e-03	1.000000e-05
1.097510e+04	1.928830e+02	2.928640e-03	1.000000e-05
1.098524e+04	1.930550e+02	2.923460e-03	1.000000e-05
1.099542e+04	1.932220e+02	2.929350e-03	1.000000e-05
1.100555e+04	1.933920e+02	2.929190e-03	1.000000e-05
1.101572e+04	1.935610e+02	2.932720e-03	1.000000e-05
1.102586e+04	1.937310e+02	2.937270e-03	1.000000e-05
1.103603e+04	1.938990e+02	2.931640e-03	1.000000e-05
1.104616e+04	1.940690e+02	2.932310e-03	1.000000e-05
1.105635e+04	1.942400e+02	2.935700e-03	1.000000e-05
1.106651e+04	1.944100e+02	2.936700e-03	1.000000e-05
1.107666e+04	1.945770e+02	2.937940e-03	1.000000e-05
1.108679e+04	1.947440e+02	2.937510e-03	1.000000e-05
1.109697e+04	1.949150e+02	2.936890e-03	1.000000e-05
1.110707e+04	1.950830e+02	2.935770e-03	1.000000e-05
1.111725e+04	1.952540e+02	2.935980e-03	1.000000e-05
1.112738e+04	1.954200e+02	2.938460e-03	1.000000e-05
1.113755e+04	1.955930e+02	2.945350e-03	1.000000e-05
1.114767e+04	1.957630e+02	2.941540e-03	1.000000e-05
1.115785e+04	1.959320e+02	2.944300e-03	1.000000e-05
1.116796e+04	1.961000e+02	2.943900e-03	1.000000e-05
1.117815e+04	1.962700e+02	2.944710e-03	1.000000e-05
1.118829e+04	1.964360e+02	2.947040e-03	1.000000e-05
1.119848e+04	1.966050e+02	2.950380e-03	1.000000e-05
1.120862e+04	1.967760e+02	2.950310e-03	1.000000e-05
1.121879e+04	1.969470e+02	2.955700e-03	1.000000e-05
1.122892e+04	1.971160e+02	2.953100e-03	1.000000e-05
1.123910e+04	1.972850e+02	2.954130e-03	1.000000e-05
1.124925e+04	1.974540e+02	2.955680e-03	1.000000e-05
1.125942e+04	1.976230e+02	2.957490e-03	1.000000e-05
1.126953e+04	1.977910e+02	2.953840e-03	1.000000e-05
1.127971e+04	1.979590e+02	2.956130e-03	1.000000e-05
1.128985e+04	1.981300e+02	2.958130e-03	1.000000e-05
1.130003e+04	1.982990e+02	2.961350e-03	1.000000e-05
1.131016e+04	1.984720e+02	2.965710e-03	1.000000e-05
1.132036e+04	1.986400e+02	2.962780e-03	1.000000e-05
1.133049e+04	1.988080e+02	2.962470e-03	1.000000e-05
1.134065e+04	1.989780e+02	2.968600e-03	1.000000e-05
1.135079e+04	1.991430e+02	2.966900e-03	1.000000e-05
1.136098e+04	1.993160e+02	2.968480e-03	1.000000e-05
1.137112e+04	1.994830e+02	2.967240e-03	1.000000e-05
1.138129e+04	1.996510e+02	2.969960e-03	1.000000e-05
1.139142e+04	1.998240e+02	2.967100e-03	1.000000e-05
1.140160e+04	1.999950e+02	2.968500e-03	1.000000e-05
1.141172e+04	2.001700e+02	2.973820e-03	1.000000e-05
1.142190e+04	2.003420e+02	2.973270e-03	1.000000e-05
1.143204e+04	2.005050e+02	2.973960e-03	1.000000e-05
1.144221e+04	2.006710e+02	2.976110e-03	1.000000e-05
1.145235e+04	2.008430e+02	2.974370e-03	1.000000e-05
1.146253e+04	2.010110e+02	2.978090e-03	1.000000e-05
1.147267e+04	2.011790e+02	2.980640e-03	1.000000e-05
1.148285e+04	2.013490e+02	2.979350e-03	1.000000e-05
1.149298e+04	2.015180e+02	2.981190e-03	1.000000e-05
1.150318e+04	2.016870e+02	2.980260e-03	1.000000e-05
1.151332e+04	2.018560e+02	2.979850e-03	1.000000e-05
1.152350e+04	2.020250e+02	2.983550e-03	1.000000e-05
1.153364e+04	2.021950e+02	2.983710e-03	1.000000e-05
1.154380e+04	2.023640e+02	2.984450e-03	1.000000e-05
1.155393e+04	2.025320e+02	2.984690e-03	1.000000e-05
1.156412e+04	2.027020e+02	2.987380e-03	1.000000e-05
1.157425e+04	2.028700e+02	2.991460e-03	1.000000e-05
1.158443e+04	2.030400e+02	2.993750e-03	1.000000e-05
1.159457e+04	2.032110e+02	2.985720e-03	1.000000e-05
1.160475e+04	2.033790e+02	2.992130e-03	1.000000e-05
1.161489e+04	2.035480e+02	2.995040e-03	1.000000e-05
1.162506e+04	2.037170e+02	2.993820e-03	1.000000e-05
1.163521e+04	2.038870e+02	2.997180e-03	1.000000e-05
1.164539e+04	2.040540e+02	2.996210e-03	1.000000e-05
1.165553e+04	2.042240e+02	2.995800e-03	1.000000e-05
1.166571e+04	2.043970e+02	2.998850e-03	1.000000e-05
1.167584e+04	2.045670e+02	3.000350e-03	1.000000e-05
1.168603e+04	2.047330e+02	3.002120e-03	1.000000e-05
1.169617e+04	2.049020e+02	3.004960e-03	1.000000e-05
1.170637e+04	2.050730e+02	3.001400e-03	1.000000e-05
1.171652e+04	2.052420e+02	3.005580e-03	1.000000e-05
1.172669e+04	2.054110e+02	3.003480e-03	1.000000e-05
1.173682e+04	2.055800e+02	3.009320e-03	1.000000e-05
1.174700e+04	2.057490e+02	3.008200e-03	1.000000e-05
1.175713e+04	2.059170e+02	3.009820e-03	1.000000e-05
1.176729e+04	2.060880e+02	3.008750e-03	1.000000e-05
1.177743e+04	2.062570e+02	3.010820e-03	1.000000e-05
1.178760e+04	2.064280e+02	3.013060e-03	1.000000e-05
1.179771e+04	2.065970e+02	3.010010e-03	1.000000e-05
1.180787e+04	2.067650e+02	3.013660e-03	1.000000e-05
1.181801e+04	2.069350e+02	3.013990e-03	1.000000e-05
1.182820e+04	2.071050e+02	3.014990e-03	1.000000e-05
1.183834e+04	2.072720e+02	3.017570e-03	1.000000e-05
1.184852e+04	2.074390e+02	3.019520e-03	1.000000e-05
1.185863e+04	2.076100e+02	3.019500e-03	1.000000e-05
1.186881e+04	2.077800e+02	3.019480e-03	1.000000e-05
1.187893e+04	2.079490e+02	3.015920e-03	1.000000e-05
1.188911e+04	2.081180e+02	3.023480e-03	1.000000e-05
1.189925e+04	2.082860e+02	3.022480e-03	1.000000e-05
1.190943e+04	2.084530e+02	3.023100e-03	1.000000e-05
1.191956e+04	2.086270e+02	3.027680e-03	1.000000e-05
1.192975e+04	2.087980e+02	3.025870e-03	1.000000e-05
1.193987e+04	2.089660e+02	3.028130e-03	1.000000e-05
1.195006e+04	2.091340e+02	3.026720e-03	1.000000e-05
1.196018e+04	2.093030e+02	3.033020e-03	1.000000e-05
1.197033e+04	2.094690e+02	3.032520e-03	1.000000e-05
1.198046e+04	2.096410e+02	3.027220e-03	1.000000e-05
1.199063e+04	2.098070e+02	3.033400e-03	1.000000e-05
1.200076e+04	2.099770e+02	3.036120e-03	1.000000e-05
1.201093e+04	2.101540e+02	3.036400e-03	1.000000e-05
1.202106e+04	2.103270e+02	3.034880e-03	1.000000e-05
1.203124e+04	2.104900e+02	3.039310e-03	1.000000e-05
1.204137e+04	2.106600e+02	3.038880e-03	1.000000e-05
1.205153e+04	2.108260e+02	3.039980e-03	1.000000e-05
1.206167e+04	2.109970e+02	3.040960e-03	1.000000e-05
1.207183e+04	2.111650e+02	3.041790e-03	1.000000e-05
1.208196e+04	2.113350e+02	3.042600e-03	1.000000e-05
1.209213e+04	2.115030e+02	3.042980e-03	1.000000e-05
1.210226e+04	2.116720e+02	3.044680e-03	1.000000e-05
1.211243e+04	2.118400e+02	3.043960e-03	1.000000e-05
1.212255e+04	2.120070e+02	3.048160e-03	1.000000e-05
1.213271e+04	2.121790e+02	3.046180e-03	1.000000e-05
1.214282e+04	2.123470e+02	3.051040e-03	1.000000e-05
1.215296e+04	2.125160e+02	3.049680e-03	1.000000e-05
1.216308e+04	2.126830e+02	3.048160e-03	1.000000e-05
1.217326e+04	2.128550e+02	3.047590e-03	1.000000e-05
1.218338e+04	2.130230e+02	3.053240e-03	1.000000e-05
1.219353e+04	2.131940e+02	3.052930e-03	1.000000e-05
1.220366e+04	2.133610e+02	3.054520e-03	1.000000e-05
1.221383e+04	2.135290e+02	3.053210e-03	1.000000e-05
1.222394e+04	2.136980e+02	3.058430e-03	1.000000e-05
1.223411e+04	2.138670e+02	3.060980e-03	1.000000e-05
1.224422e+04	2.140370e+02	3.058840e-03	1.000000e-05
1.225439e+04	2.142080e+02	3.061440e-03	1.000000e-05
1.226452e+04	2.143760e+02	3.061270e-03	1.000000e-05
1.227467e+04	2.145440e+02	3.062840e-03	1.000000e-05
1.228479e+04	2.147120e+02	3.067370e-03	1.000000e-05
1.229493e+04	2.148810e+02	3.067040e-03	1.000000e-05
1.230506e+04	2.150540e+02	3.065180e-03	1.000000e-05
1.231522e+04	2.152190e+02	3.070590e-03	1.000000e-05
1.232533e+04	2.153880e+02	3.068330e-03	1.000000e-05
1.233551e+04	2.155570e+02	3.069110e-03	1.000000e-05
1.234563e+04	2.157270e+02	3.068260e-03	1.000000e-05
1.235579e+04	2.158960e+02	3.071140e-03	1.000000e-05
1.236592e+04	2.160650e+02	3.073950e-03	1.000000e-05
1.237608e+04	2.162350e+02	3.072360e-03	1.000000e-05
1.238620e+04	2.164030e+02	3.071590e-03	1.000000e-05
1.239638e+04	2.165710e+02	3.075620e-03	1.000000e-05
1.240652e+04	2.167420e+02	3.076580e-03	1.000000e-05
1.241670e+04	2.169090e+02	3.073550e-03	1.000000e-05
1.242682e+04	2.170810e+02	3.076290e-03	1.000000e-05
1.243698e+04	2.172520e+02	3.077080e-03	1.000000e-05
1.244712e+04	2.174190e+02	3.078700e-03	1.000000e-05
1.245730e+04	2.175880e+02	3.081230e-03	1.000000e-05
1.246744e+04	2.177570e+02	3.083440e-03	1.000000e-05
1.247760e+04	2.179270e+02	3.083130e-03	1.000000e-05
1.248772e+04	2.180960e+02	3.084370e-03	1.000000e-05
1.249790e+04	2.182630e+02	3.082850e-03	1.000000e-05
1.250802e+04	2.184350e+02	3.085610e-03	1.000000e-05
1.251819e+04	2.186040e+02	3.088260e-03	1.000000e-05
1.252832e+04	2.187710e+02	3.088050e-03	1.000000e-05
1.253849e+04	2.189400e+02	3.085710e-03	1.000000e-05
1.254860e+04	2.191100e+02	3.089830e-03	1.000000e-05
1.255876e+04	2.192800e+02	3.088860e-03	1.000000e-05
1.256889e+04	2.194460e+02	3.093360e-03	1.000000e-05
1.257906e+04	2.196150e+02	3.092150e-03	1.000000e-05
1.258919e+04	2.197870e+02	3.096270e-03	1.000000e-05
1.259936e+04	2.199560e+02	3.093220e-03	1.000000e-05
1.260947e+04	2.201300e+02	3.097250e-03	1.000000e-05
1.261962e+04	2.203010e+02	3.103040e-03	1.000000e-05
1.262976e+04	2.204680e+02	3.099630e-03	1.000000e-05
1.263993e+04	2.206340e+02	3.101400e-03	1.000000e-05
1.265005e+04	2.208060e+02	3.102110e-03	1.000000e-05
1.266021e+04	2.209730e+02	3.101870e-03	1.000000e-05
1.267033e+04	2.211370e+02	3.101940e-03	1.000000e-05
1.268050e+04	2.213090e+02	3.104540e-03	1.000000e-05
1.269063e+04	2.214810e+02	3.104090e-03	1.000000e-05
1.270081e+04	2.216490e+02	3.107710e-03	1.000000e-05
1.271092e+04	2.218170e+02	3.110460e-03	1.000000e-05
1.272109e+04	2.219840e+02	3.108120e-03	1.000000e-05
1.273122e+04	2.221540e+02	3.108760e-03	1.000000e-05
1.274137e+04	2.223240e+02	3.111270e-03	1.000000e-05
1.275149e+04	2.224910e+02	3.108760e-03	1.000000e-05
1.276166e+04	2.226610e+02	3.114460e-03	1.000000e-05
1.277178e+04	2.228290e+02	3.113250e-03	1.000000e-05
1.278194e+04	2.229980e+02	3.118780e-03	1.000000e-05
1.279208e+04	2.231690e+02	3.119110e-03	1.000000e-05
1.280224e+04	2.233360e+02	3.120180e-03	1.000000e-05
1.281237e+04	2.235050e+02	3.117700e-03	1.000000e-05
1.282256e+04	2.236760e+02	3.119590e-03	1.000000e-05
1.283269e+04	2.238460e+02	3.123450e-03	1.000000e-05
1.284286e+04	2.240140e+02	3.122470e-03	1.000000e-05
1.285299e+04	2.241840e+02	3.120570e-03	1.000000e-05
1.286316e+04	2.243520e+02	3.124070e-03	1.000000e-05
1.287329e+04	2.245230e+02	3.124210e-03	1.000000e-05
1.288346e+04	2.246920e+02	3.127460e-03	1.000000e-05
1.289359e+04	2.248560e+02	3.133340e-03	1.000000e-05
1.290377e+04	2.250280e+02	3.131790e-03	1.000000e-05
1.291390e+04	2.251990e+02	3.128220e-03	1.000000e-05
1.292407e+04	2.253690e+02	3.132370e-03	1.000000e-05
1.293420e+04	2.255330e+02	3.132700e-03	1.000000e-05
1.294437e+04	2.257030e+02	3.131340e-03	1.000000e-05
1.295450e+04	2.258750e+02	3.132750e-03	1.000000e-05
1.296466e+04	2.260450e+02	3.134110e-03	1.000000e-05
1.297479e+04	2.262140e+02	3.134250e-03	1.000000e-05
1.298495e+04	2.263820e+02	3.139260e-03	1.000000e-05
1.299507e+04	2.265520e+02	3.138380e-03	1.000000e-05
1.300524e+04	2.267190e+02	3.142640e-03	1.000000e-05
1.301535e+04	2.268900e+02	3.141620e-03	1.000000e-05
1.302551e+04	2.270580e+02	3.138800e-03	1.000000e-05
1.303564e+04	2.272280e+02	3.142830e-03	1.000000e-05
1.304581e+04	2.273960e+02	3.146820e-03	1.000000e-05
1.305593e+04	2.275660e+02	3.146100e-03	1.000000e-05
1.306610e+04	2.277320e+02	3.145360e-03	1.000000e-05
1.307622e+04	2.279040e+02	3.148940e-03	1.000000e-05
1.308639e+04	2.280710e+02	3.149440e-03	1.000000e-05
1.309653e+04	2.282430e+02	3.149840e-03	1.000000e-05
1.310669e+04	2.284140e+02	3.150180e-03	1.000000e-05
1.311683e+04	2.285790e+02	3.154780e-03	1.000000e-05
1.312701e+04	2.287470e+02	3.156970e-03	1.000000e-05
1.313712e+04	2.289190e+02	3.155020e-03	1.000000e-05
1.314728e+04	2.290870e+02	3.155900e-03	1.000000e-05
1.315741e+04	2.292580e+02	3.154850e-03	1.000000e-05
1.316757e+04	2.294240e+02	3.156730e-03	1.000000e-05
1.317773e+04	2.295960e+02	3.154800e-03	1.000000e-05
1.318789e+04	2.297620e+02	3.157040e-03	1.000000e-05
1.319803e+04	2.299340e+02	3.160260e-03	1.000000e-05
1.320818e+04	2.301050e+02	3.159880e-03	1.000000e-05
1.321833e+04	2.302810e+02	3.163220e-03	1.000000e-05
1.322851e+04	2.304490e+02	3.163860e-03	1.000000e-05
1.323864e+04	2.306130e+02	3.163530e-03	1.000000e-05
1.324879e+04	2.307810e+02	3.167180e-03	1.000000e-05
1.325893e+04	2.309510e+02	3.166060e-03	1.000000e-05
1.326908e+04	2.311200e+02	3.166600e-03	1.000000e-05
1.327920e+04	2.312870e+02	3.169370e-03	1.000000e-05
1.328937e+04	2.314570e+02	3.171710e-03	1.000000e-05
1.329949e+04	2.316220e+02	3.173730e-03	1.000000e-05
1.330967e+04	2.317970e+02	3.172610e-03	1.000000e-05
1.331979e+04	2.319660e+02	3.175500e-03	1.000000e-05
1.332994e+04	2.321300e+02	3.172640e-03	1.000000e-05
1.334005e+04	2.323010e+02	3.173210e-03	1.000000e-05
1.335023e+04	2.324710e+02	3.174520e-03	1.000000e-05
1.336035e+04	2.326380e+02	3.179670e-03	1.000000e-05
1.337052e+04	2.328100e+02	3.180000e-03	1.000000e-05
1.338064e+04	2.329770e+02	3.180890e-03	1.000000e-05
1.339081e+04	2.331460e+02	3.179790e-03	1.000000e-05
1.340093e+04	2.333170e+02	3.181270e-03	1.000000e-05
1.341110e+04	2.334860e+02	3.180360e-03	1.000000e-05
1.342123e+04	2.336550e+02	3.185300e-03	1.000000e-05
1.343139e+04	2.338250e+02	3.185870e-03	1.000000e-05
1.344153e+04	2.339930e+02	3.189400e-03	1.000000e-05
1.345169e+04	2.341610e+02	3.185840e-03	1.000000e-05
1.346183e+04	2.343300e+02	3.188230e-03	1.000000e-05
1.347199e+04	2.344990e+02	3.189610e-03	1.000000e-05
1.348213e+04	2.346690e+02	3.190370e-03	1.000000e-05
1.349230e+04	2.348390e+02	3.192090e-03	1.000000e-05
1.350243e+04	2.350070e+02	3.191970e-03	1.000000e-05
1.351257e+04	2.351770e+02	3.191110e-03	1.000000e-05
1.352270e+04	2.353470e+02	3.194500e-03	1.000000e-05
1.353287e+04	2.355140e+02	3.195570e-03	1.000000e-05
1.354296e+04	2.356830e+02	3.194810e-03	1.000000e-05
1.355311e+04	2.358520e+02	3.200130e-03	1.000000e-05
1.356323e+04	2.360210e+02	3.197880e-03	1.000000e-05
1.357339e+04	2.361870e+02	3.201680e-03	1.000000e-05
1.358350e+04	2.363570e+02	3.202460e-03	1.000000e-05
1.359367e+04	2.365270e+02	3.201890e-03	1.000000e-05
1.360378e+04	2.366970e+02	3.204580e-03	1.000000e-05
1.361395e+04	2.368650e+02	3.205610e-03	1.000000e-05
1.362406e+04	2.370330e+02	3.204750e-03	1.000000e-05
1.363424e+04	2.372010e+02	3.205080e-03	1.000000e-05
1.364436e+04	2.373710e+02	3.206160e-03	1.000000e-05
1.365453e+04	2.375390e+02	3.207730e-03	1.000000e-05
1.366464e+04	2.377110e+02	3.213600e-03	1.000000e-05
1.367487e+04	2.378810e+02	3.209070e-03	1.000000e-05
1.368499e+04	2.380500e+02	3.208140e-03	1.000000e-05
1.369517e+04	2.382190e+02	3.216860e-03	1.000000e-05
1.370537e+04	2.383880e+02	3.215030e-03	1.000000e-05
1.371553e+04	2.385560e+02	3.213740e-03	1.000000e-05
1.372565e+04	2.387250e+02	3.217910e-03	1.000000e-05
1.373578e+04	2.388940e+02	3.216100e-03	1.000000e-05
1.374587e+04	2.390650e+02	3.217200e-03	1.000000e-05
1.375601e+04	2.392320e+02	3.217010e-03	1.000000e-05
1.376611e+04	2.394000e+02	3.219720e-03	1.000000e-05
1.377627e+04	2.395700e+02	3.224210e-03	1.000000e-05
1.378638e+04	2.397380e+02	3.220820e-03	1.000000e-05
1.379655e+04	2.399080e+02	3.222060e-03	1.000000e-05
1.380667e+04	2.400770e+02	3.223680e-03	1.000000e-05
1.381683e+04	2.402540e+02	3.223630e-03	1.000000e-05
1.382696e+04	2.404230e+02	3.227590e-03	1.000000e-05
1.383711e+04	2.405860e+02	3.226470e-03	1.000000e-05
1.384723e+04	2.407570e+02	3.227880e-03	1.000000e-05
1.385739e+04	2.409280e+02	3.230790e-03	1.000000e-05
1.386750e+04	2.410910e+02	3.230430e-03	1.000000e-05
1.387767e+04	2.412640e+02	3.228930e-03	1.000000e-05
1.388778e+04	2.414330e+02	3.234080e-03	1.000000e-05
1.389792e+04	2.415990e+02	3.234510e-03	1.000000e-05
1.390804e+04	2.417680e+02	3.232840e-03	1.000000e-05
1.391820e+04	2.419370e+02	3.239510e-03	1.000000e-05
1.392833e+04	2.421080e+02	3.237580e-03	1.000000e-05
1.393849e+04	2.422760e+02	3.237720e-03	1.000000e-05
1.394861e+04	2.424440e+02	3.242060e-03	1.000000e-05
1.395878e+04	2.426130e+02	3.242440e-03	1.000000e-05
1.396888e+04	2.427800e+02	3.242490e-03	1.000000e-05
1.397903e+04	2.429500e+02	3.242470e-03	1.000000e-05
1.398913e+04	2.431210e+02	3.239850e-03	1.000000e-05
1.399929e+04	2.432920e+02	3.247240e-03	1.000000e-05
1.400943e+04	2.434580e+02	3.245430e-03	1.000000e-05
1.401959e+04	2.436270e+02	3.244610e-03	1.000000e-05
1.402970e+04	2.437930e+02	3.242520e-03	1.000000e-05
1.403987e+04	2.439660e+02	3.246260e-03	1.000000e-05
1.404998e+04	2.441340e+02	3.249120e-03	1.000000e-05
1.406014e+04	2.443010e+02	3.250890e-03	1.000000e-05
1.407027e+04	2.444690e+02	3.253600e-03	1.000000e-05
1.408044e+04	2.446380e+02	3.250740e-03	1.000000e-05
1.409055e+04	2.448110e+02	3.252410e-03	1.000000e-05
1.410071e+04	2.449790e+02	3.252340e-03	1.000000e-05
1.411083e+04	2.451480e+02	3.254870e-03	1.000000e-05
1.412099e+04	2.453150e+02	3.256610e-03	1.000000e-05
1.413110e+04	2.454820e+02	3.255770e-03	1.000000e-05
1.414127e+04	2.456530e+02	3.260680e-03	1.000000e-05
1.415137e+04	2.458280e+02	3.258370e-03	1.000000e-05
1.416152e+04	2.459920e+02	3.261400e-03	1.000000e-05
1.417163e+04	2.461620e+02	3.258750e-03	1.000000e-05
1.418179e+04	2.463290e+02	3.264070e-03	1.000000e-05
1.419193e+04	2.464990e+02	3.267500e-03	1.000000e-05
1.420210e+04	2.466680e+02	3.263760e-03	1.000000e-05
1.421221e+04	2.468350e+02	3.263970e-03	1.000000e-05
1.422237e+04	2.470030e+02	3.266690e-03	1.000000e-05
1.423248e+04	2.471710e+02	3.266430e-03	1.000000e-05
1.424264e+04	2.473440e+02	3.267670e-03	1.000000e-05
1.425275e+04	2.475160e+02	3.264980e-03	1.000000e-05
1.426290e+04	2.476810e+02	3.268390e-03	1.000000e-05
1.427301e+04	2.478500e+02	3.272840e-03	1.000000e-05
1.428317e+04	2.480190e+02	3.269200e-03	1.000000e-05
1.429328e+04	2.481870e+02	3.271460e-03	1.000000e-05
1.430345e+04	2.483560e+02	3.273890e-03	1.000000e-05
1.431357e+04	2.485240e+02	3.275320e-03	1.000000e-05
1.432373e+04	2.486920e+02	3.277490e-03	1.000000e-05
1.433384e+04	2.488620e+02	3.276560e-03	1.000000e-05
1.434401e+04	2.490340e+02	3.277850e-03	1.000000e-05
1.435414e+04	2.492020e+02	3.279640e-03	1.000000e-05
1.436431e+04	2.493700e+02	3.284550e-03	1.000000e-05
1.437444e+04	2.495390e+02	3.282670e-03	1.000000e-05
1.438461e+04	2.497080e+02	3.282260e-03	1.000000e-05
1.439474e+04	2.498790e+02	3.284960e-03	1.000000e-05
1.440490e+04	2.500350e+02	3.283480e-03	1.000000e-05
1.441503e+04	2.501300e+02	3.283600e-03	1.000000e-05
1.442520e+04	2.502610e+02	3.287530e-03	1.000000e-05
1.443534e+04	2.504400e+02	3.289100e-03	1.000000e-05
1.444549e+04	2.506330e+02	3.289270e-03	1.000000e-05
1.445560e+04	2.508260e+02	3.290130e-03	1.000000e-05
1.446578e+04	2.510090e+02	3.291490e-03	1.000000e-05
1.447588e+04	2.511830e+02	3.293400e-03	1.000000e-05
1.448605e+04	2.513540e+02	3.290530e-03	1.000000e-05
1.449619e+04	2.515280e+02	3.293350e-03	1.000000e-05
1.450635e+04	2.517020e+02	3.294780e-03	1.000000e-05
1.451648e+04	2.518770e+02	3.296660e-03	1.000000e-05
1.452665e+04	2.520450e+02	3.297400e-03	1.000000e-05
1.453676e+04	2.522180e+02	3.293920e-03	1.000000e-05
1.454693e+04	2.523870e+02	3.300400e-03	1.000000e-05
1.455705e+04	2.525580e+02	3.298090e-03	1.000000e-05
1.456722e+04	2.527270e+02	3.300070e-03	1.000000e-05
1.457735e+04	2.528970e+02	3.306150e-03	1.000000e-05
1.458752e+04	2.530680e+02	3.301790e-03	1.000000e-05
1.459764e+04	2.532390e+02	3.301100e-03	1.000000e-05
1.460782e+04	2.534090e+02	3.307010e-03	1.000000e-05
1.461794e+04	2.535800e+02	3.302860e-03	1.000000e-05
1.462811e+04	2.537470e+02	3.307870e-03	1.000000e-05
1.463822e+04	2.539150e+02	3.307910e-03	1.000000e-05
1.464839e+04	2.540860e+02	3.310900e-03	1.000000e-05
1.465851e+04	2.542540e+02	3.312990e-03	1.000000e-05
1.466868e+04	2.544240e+02	3.312780e-03	1.000000e-05
1.467879e+04	2.545960e+02	3.316550e-03	1.000000e-05
1.468894e+04	2.547640e+02	3.313850e-03	1.000000e-05
1.469905e+04	2.549330e+02	3.317740e-03	1.000000e-05
1.470922e+04	2.551010e+02	3.315950e-03	1.000000e-05
1.471934e+04	2.552690e+02	3.317790e-03	1.000000e-05
1.472951e+04	2.554390e+02	3.319760e-03	1.000000e-05
1.473962e+04	2.556090e+02	3.321600e-03	1.000000e-05
1.474978e+04	2.557810e+02	3.322010e-03	1.000000e-05
1.475990e+04	2.559500e+02	3.324390e-03	1.000000e-05
1.477008e+04	2.561210e+02	3.324820e-03	1.000000e-05
1.478020e+04	2.562860e+02	3.325870e-03	1.000000e-05
1.479036e+04	2.564530e+02	3.330020e-03	1.000000e-05
1.480048e+04	2.566230e+02	3.331400e-03	1.000000e-05
1.481064e+04	2.567930e+02	3.333280e-03	1.000000e-05
1.482075e+04	2.569640e+02	3.333020e-03	1.000000e-05
1.483091e+04	2.571330e+02	3.336070e-03	1.000000e-05
1.484102e+04	2.573010e+02	3.340550e-03	1.000000e-05
1.485119e+04	2.574720e+02	3.337260e-03	1.000000e-05
1.486131e+04	2.576370e+02	3.338980e-03	1.000000e-05
1.487148e+04	2.578080e+02	3.344870e-03	1.000000e-05
1.488161e+04	2.579760e+02	3.344130e-03	1.000000e-05
1.489179e+04	2.581500e+02	3.345040e-03	1.000000e-05
1.490190e+04	2.583180e+02	3.347130e-03	1.000000e-05
1.491206e+04	2.584870e+02	3.347090e-03	1.000000e-05
1.492219e+04	2.586550e+02	3.353880e-03	1.000000e-05
1.493236e+04	2.588230e+02	3.355360e-03	1.000000e-05
1.494249e+04	2.589930e+02	3.353000e-03	1.000000e-05
1.495269e+04	2.591620e+02	3.355220e-03	1.000000e-05
1.496280e+04	2.593310e+02	3.356460e-03	1.000000e-05
1.497296e+04	2.594990e+02	3.362420e-03	1.000000e-05
1.498308e+04	2.596710e+02	3.360010e-03	1.000000e-05
1.499326e+04	2.598390e+02	3.363250e-03	1.000000e-05
1.500338e+04	2.600080e+02	3.367160e-03	1.000000e-05
1.501355e+04	2.604910e+02	3.364370e-03	1.000000e-05
1.502369e+04	2.604230e+02	3.367350e-03	1.000000e-05
1.503386e+04	2.606650e+02	3.368260e-03	1.000000e-05
1.504397e+04	2.608290e+02	3.372530e-03	1.000000e-05
1.505414e+04	2.609270e+02	3.369140e-03	1.000000e-05
1.506426e+04	2.611230e+02	3.375100e-03	1.000000e-05
1.507442e+04	2.612750e+02	3.376720e-03	1.000000e-05
1.508455e+04	2.614330e+02	3.379110e-03	1.000000e-05
1.509473e+04	2.615970e+02	3.377700e-03	1.000000e-05
1.510485e+04	2.617650e+02	3.378250e-03	1.000000e-05
1.511502e+04	2.619150e+02	3.377390e-03	1.000000e-05
1.512515e+04	2.621030e+02	3.389450e-03	1.000000e-05
1.513533e+04	2.622610e+02	3.386040e-03	1.000000e-05
1.514546e+04	2.624280e+02	3.387000e-03	1.000000e-05
1.515563e+04	2.625860e+02	3.392600e-03	1.000000e-05
1.516576e+04	2.627560e+02	3.389950e-03	1.000000e-05
1.517593e+04	2.629260e+02	3.393980e-03	1.000000e-05
1.518605e+04	2.630950e+02	3.396110e-03	1.000000e-05
1.519622e+04	2.632670e+02	3.393820e-03	1.000000e-05
1.520632e+04	2.634200e+02	3.397870e-03	1.000000e-05
1.521650e+04	2.635960e+02	3.403020e-03	1.000000e-05
1.522661e+04	2.637660e+02	3.401780e-03	1.000000e-05
1.523677e+04	2.639360e+02	3.399440e-03	1.000000e-05
1.524689e+04	2.641000e+02	3.402140e-03	1.000000e-05
1.525706e+04	2.642740e+02	3.402400e-03	1.000000e-05
1.526716e+04	2.644370e+02	3.405980e-03	1.000000e-05
1.527733e+04	2.646050e+02	3.404090e-03	1.000000e-05
1.528745e+04	2.647750e+02	3.405480e-03	1.000000e-05
1.529762e+04	2.649470e+02	3.411650e-03	1.000000e-05
1.530775e+04	2.651120e+02	3.409810e-03	1.000000e-05
1.531791e+04	2.652850e+02	3.413220e-03	1.000000e-05
1.532804e+04	2.654430e+02	3.411460e-03	1.000000e-05
1.533821e+04	2.656130e+02	3.416850e-03	1.000000e-05
1.534833e+04	2.657870e+02	3.415850e-03	1.000000e-05
1.535850e+04	2.659550e+02	3.416800e-03	1.000000e-05
1.536859e+04	2.661230e+02	3.420520e-03	1.000000e-05
1.537875e+04	2.662940e+02	3.422930e-03	1.000000e-05
1.538886e+04	2.664700e+02	3.419470e-03	1.000000e-05
1.539900e+04	2.666230e+02	3.421160e-03	1.000000e-05
1.540911e+04	2.668020e+02	3.423740e-03	1.000000e-05
1.541930e+04	2.669700e+02	3.422670e-03	1.000000e-05
1.542940e+04	2.671400e+02	3.426580e-03	1.000000e-05
1.543955e+04	2.673120e+02	3.427600e-03	1.000000e-05
1.544967e+04	2.674740e+02	3.425860e-03	1.000000e-05
1.545983e+04	2.676420e+02	3.431510e-03	1.000000e-05
1.546996e+04	2.678120e+02	3.432660e-03	1.000000e-05
1.548013e+04	2.679810e+02	3.429390e-03	1.000000e-05
1.549026e+04	2.681460e+02	3.434040e-03	1.000000e-05
1.550043e+04	2.683210e+02	3.434540e-03	1.000000e-05
1.551053e+04	2.684820e+02	3.436420e-03	1.000000e-05
1.552070e+04	2.686600e+02	3.433370e-03	1.000000e-05
1.553082e+04	2.688210e+02	3.433750e-03	1.000000e-05
1.554100e+04	2.689960e+02	3.436730e-03	1.000000e-05
1.555112e+04	2.691680e+02	3.439780e-03	1.000000e-05
1.556130e+04	2.693280e+02	3.439470e-03	1.000000e-05
1.557141e+04	2.695020e+02	3.438690e-03	1.000000e-05
1.558160e+04	2.696700e+02	3.445460e-03	1.000000e-05
1.559171e+04	2.698370e+02	3.443860e-03	1.000000e-05
1.560188e+04	2.700140e+02	3.441930e-03	1.000000e-05
1.561201e+04	2.701790e+02	3.442030e-03	1.000000e-05
1.562216e+04	2.703430e+02	3.449270e-03	1.000000e-05
1.563227e+04	2.705110e+02	3.445650e-03	1.000000e-05
1.564243e+04	2.706740e+02	3.445080e-03	1.000000e-05
1.565256e+04	2.708630e+02	3.446840e-03	1.000000e-05
1.566273e+04	2.710170e+02	3.445650e-03	1.000000e-05
1.567286e+04	2.711850e+02	3.449340e-03	1.000000e-05
1.568303e+04	2.713680e+02	3.449820e-03	1.000000e-05
1.569316e+04	2.715280e+02	3.449820e-03	1.000000e-05
1.570334e+04	2.716950e+02	3.454660e-03	1.000000e-05
1.571346e+04	2.718690e+02	3.449890e-03	1.000000e-05
1.572361e+04	2.720330e+02	3.452750e-03	1.000000e-05
1.573373e+04	2.722090e+02	3.448440e-03	1.000000e-05
1.574390e+04	2.723760e+02	3.453950e-03	1.000000e-05
1.575402e+04	2.725410e+02	3.457140e-03	1.000000e-05
1.576421e+04	2.727140e+02	3.455280e-03	1.000000e-05
1.577432e+04	2.728700e+02	3.451900e-03	1.000000e-05
1.578450e+04	2.730580e+02	3.457120e-03	1.000000e-05
1.579462e+04	2.732140e+02	3.457860e-03	1.000000e-05
1.580478e+04	2.733910e+02	3.458070e-03	1.000000e-05
1.581492e+04	2.735510e+02	3.462410e-03	1.000000e-05
1.582508e+04	2.737160e+02	3.462890e-03	1.000000e-05
1.583520e+04	2.739000e+02	3.457950e-03	1.000000e-05
1.584537e+04	2.740610e+02	3.460480e-03	1.000000e-05
1.585549e+04	2.742290e+02	3.459980e-03	1.000000e-05
1.586568e+04	2.744100e+02	3.462310e-03	1.000000e-05
1.587580e+04	2.745590e+02	3.464940e-03	1.000000e-05
1.588598e+04	2.747450e+02	3.460100e-03	1.000000e-05
1.589610e+04	2.749140e+02	3.463030e-03	1.000000e-05
1.590627e+04	2.750720e+02	3.463630e-03	1.000000e-05
1.591640e+04	2.752500e+02	3.467510e-03	1.000000e-05
1.592657e+04	2.754160e+02	3.466060e-03	1.000000e-05
1.593670e+04	2.755850e+02	3.464170e-03	1.000000e-05
1.594689e+04	2.757510e+02	3.469230e-03	1.000000e-05
1.595700e+04	2.759190e+02	3.465530e-03	1.000000e-05
1.596717e+04	2.760870e+02	3.468870e-03	1.000000e-05
1.597729e+04	2.762610e+02	3.470400e-03	1.000000e-05
1.598747e+04	2.764340e+02	3.467370e-03	1.000000e-05
1.599758e+04	2.765940e+02	3.466870e-03	1.000000e-05
1.600774e+04	2.767680e+02	3.470610e-03	1.000000e-05
1.601787e+04	2.769370e+02	3.470160e-03	1.000000e-05
1.602801e+04	2.771070e+02	3.474190e-03	1.000000e-05
1.603811e+04	2.772700e+02	3.468780e-03	1.000000e-05
1.604828e+04	2.774490e+02	3.475570e-03	1.000000e-05
1.605839e+04	2.776060e+02	3.472110e-03	1.000000e-05
1.606856e+04	2.777840e+02	3.472810e-03	1.000000e-05
1.607868e+04	2.779520e+02	3.477290e-03	1.000000e-05
1.608886e+04	2.781160e+02	3.472950e-03	1.000000e-05
1.609897e+04	2.782880e+02	3.475260e-03	1.000000e-05
1.610914e+04	2.784540e+02	3.476330e-03	1.000000e-05
1.611927e+04	2.786300e+02	3.473470e-03	1.000000e-05
1.612942e+04	2.787920e+02	3.475860e-03	1.000000e-05
1.613954e+04	2.789630e+02	3.476120e-03	1.000000e-05
1.614968e+04	2.791340e+02	3.481360e-03	1.000000e-05
1.615979e+04	2.792950e+02	3.481960e-03	1.000000e-05
1.616996e+04	2.794710e+02	3.479270e-03	1.000000e-05
1.618008e+04	2.796510e+02	3.478190e-03	1.000000e-05
1.619024e+04	2.797970e+02	3.481960e-03	1.000000e-05
1.620037e+04	2.799820e+02	3.482480e-03	1.000000e-05
1.621053e+04	2.801030e+02	3.483940e-03	1.000000e-05
1.622065e+04	2.802330e+02	3.480050e-03	1.000000e-05
1.623083e+04	2.804220e+02	3.483940e-03	1.000000e-05
1.624097e+04	2.806270e+02	3.479220e-03	1.000000e-05
1.625114e+04	2.808020e+02	3.482080e-03	1.000000e-05
1.626127e+04	2.809630e+02	3.486040e-03	1.000000e-05
1.627143e+04	2.811280e+02	3.485180e-03	1.000000e-05
1.628157e+04	2.813010e+02	3.486660e-03	1.000000e-05
1.629174e+04	2.814750e+02	3.487110e-03	1.000000e-05
1.630185e+04	2.816530e+02	3.491310e-03	1.000000e-05
1.631201e+04	2.818230e+02	3.491500e-03	1.000000e-05
1.632214e+04	2.819890e+02	3.488250e-03	1.000000e-05
1.633232e+04	2.821570e+02	3.488490e-03	1.000000e-05
1.634244e+04	2.823280e+02	3.486080e-03	1.000000e-05
1.635262e+04	2.825040e+02	3.488400e-03	1.000000e-05
1.636275e+04	2.826730e+02	3.492830e-03	1.000000e-05
1.637292e+04	2.828430e+02	3.493170e-03	1.000000e-05
1.638303e+04	2.830070e+02	3.490470e-03	1.000000e-05
1.639321e+04	2.831760e+02	3.491900e-03	1.000000e-05
1.640333e+04	2.833530e+02	3.495650e-03	1.000000e-05
1.641352e+04	2.835200e+02	3.496410e-03	1.000000e-05
1.642363e+04	2.836890e+02	3.495380e-03	1.000000e-05
1.643381e+04	2.838510e+02	3.497700e-03	1.000000e-05
1.644392e+04	2.840210e+02	3.495930e-03	1.000000e-05
1.645408e+04	2.841870e+02	3.498460e-03	1.000000e-05
1.646421e+04	2.843660e+02	3.497100e-03	1.000000e-05
1.647439e+04	2.845400e+02	3.501440e-03	1.000000e-05
1.648453e+04	2.847020e+02	3.500370e-03	1.000000e-05
1.649471e+04	2.848720e+02	3.505230e-03	1.000000e-05
1.650483e+04	2.850410e+02	3.503660e-03	1.000000e-05
1.651502e+04	2.852110e+02	3.503660e-03	1.000000e-05
1.652514e+04	2.853810e+02	3.504370e-03	1.000000e-05
1.653532e+04	2.855510e+02	3.505490e-03	1.000000e-05
1.654542e+04	2.857190e+02	3.502990e-03	1.000000e-05
1.655558e+04	2.858850e+02	3.506490e-03	1.000000e-05
1.656570e+04	2.860550e+02	3.506610e-03	1.000000e-05
1.657588e+04	2.862290e+02	3.509400e-03	1.000000e-05
1.658600e+04	2.863940e+02	3.512880e-03	1.000000e-05
1.659618e+04	2.865580e+02	3.509450e-03	1.000000e-05
1.660630e+04	2.867350e+02	3.507210e-03	1.000000e-05
1.661648e+04	2.869000e+02	3.512980e-03	1.000000e-05
1.662660e+04	2.870780e+02	3.513310e-03	1.000000e-05
1.663676e+04	2.872460e+02	3.508690e-03	1.000000e-05
1.664689e+04	2.874070e+02	3.512670e-03	1.000000e-05
1.665705e+04	2.875750e+02	3.511210e-03	1.000000e-05
1.666719e+04	2.877470e+02	3.509280e-03	1.000000e-05
1.667737e+04	2.879230e+02	3.512120e-03	1.000000e-05
1.668749e+04	2.880940e+02	3.515530e-03	1.000000e-05
1.669765e+04	2.882580e+02	3.516320e-03	1.000000e-05
1.670779e+04	2.884280e+02	3.515390e-03	1.000000e-05
1.671794e+04	2.885900e+02	3.513860e-03	1.000000e-05
1.672805e+04	2.887650e+02	3.517480e-03	1.000000e-05
1.673822e+04	2.889370e+02	3.518610e-03	1.000000e-05
1.674833e+04	2.891010e+02	3.519770e-03	1.000000e-05
1.675849e+04	2.892690e+02	3.517990e-03	1.000000e-05
1.676860e+04	2.894350e+02	3.523730e-03	1.000000e-05
1.677875e+04	2.896090e+02	3.520080e-03	1.000000e-05
1.678888e+04	2.897810e+02	3.527670e-03	1.000000e-05
1.679905e+04	2.899490e+02	3.525040e-03	1.000000e-05
1.680916e+04	2.901170e+02	3.523540e-03	1.000000e-05
1.681933e+04	2.902910e+02	3.523710e-03	1.000000e-05
1.682944e+04	2.904570e+02	3.525380e-03	1.000000e-05
1.683959e+04	2.906250e+02	3.527780e-03	1.000000e-05
1.684970e+04	2.907950e+02	3.530960e-03	1.000000e-05
1.685986e+04	2.909900e+02	3.528980e-03	1.000000e-05
1.686996e+04	2.919650e+02	3.524760e-03	1.000000e-05
1.688012e+04	2.924870e+02	3.527830e-03	1.000000e-05
1.689023e+04	2.920800e+02	3.526880e-03	1.000000e-05
1.690040e+04	2.917750e+02	3.527190e-03	1.000000e-05
1.691052e+04	2.918450e+02	3.531860e-03	1.000000e-05
1.692069e+04	2.920440e+02	3.530740e-03	1.000000e-05
1.693081e+04	2.921970e+02	3.530810e-03	1.000000e-05
1.694096e+04	2.923230e+02	3.533120e-03	1.000000e-05
1.695109e+04	2.924710e+02	3.532120e-03	1.000000e-05
1.696126e+04	2.926400e+02	3.533890e-03	1.000000e-05
1.697139e+04	2.928210e+02	3.534270e-03	1.000000e-05
1.698155e+04	2.929890e+02	3.534910e-03	1.000000e-05
1.699168e+04	2.931530e+02	3.536920e-03	1.000000e-05
1.700185e+04	2.933190e+02	3.534840e-03	1.000000e-05
1.701198e+04	2.934900e+02	3.536420e-03	1.000000e-05
1.702214e+04	2.936620e+02	3.540610e-03	1.000000e-05
1.703226e+04	2.938330e+02	3.542970e-03	1.000000e-05
1.704243e+04	2.940030e+02	3.540730e-03	1.000000e-05
1.705255e+04	2.941700e+02	3.543260e-03	1.000000e-05
1.706272e+04	2.943390e+02	3.544690e-03	1.000000e-05
1.707283e+04	2.945110e+02	3.544260e-03	1.000000e-05
1.708300e+04	2.946800e+02	3.542690e-03	1.000000e-05
1.709312e+04	2.948470e+02	3.545140e-03	1.000000e-05
1.710330e+04	2.950150e+02	3.546550e-03	1.000000e-05
1.711340e+04	2.951860e+02	3.548050e-03	1.000000e-05
1.712356e+04	2.953550e+02	3.551130e-03	1.000000e-05
1.713369e+04	2.955240e+02	3.546310e-03	1.000000e-05
1.714386e+04	2.956930e+02	3.553460e-03	1.000000e-05
1.715399e+04	2.958650e+02	3.551030e-03	1.000000e-05
1.716417e+04	2.960330e+02	3.554990e-03	1.000000e-05
1.717429e+04	2.962020e+02	3.554700e-03	1.000000e-05
1.718445e+04	2.963710e+02	3.557470e-03	1.000000e-05
1.719459e+04	2.965410e+02	3.555680e-03	1.000000e-05
1.720476e+04	2.967030e+02	3.555700e-03	1.000000e-05
1.721489e+04	2.968780e+02	3.557280e-03	1.000000e-05
1.722504e+04	2.970480e+02	3.557610e-03	1.000000e-05
1.723516e+04	2.972200e+02	3.555080e-03	1.000000e-05
1.724533e+04	2.973860e+02	3.558680e-03	1.000000e-05
1.725546e+04	2.975520e+02	3.557920e-03	1.000000e-05
1.726564e+04	2.977250e+02	3.564290e-03	1.000000e-05
1.727576e+04	2.978950e+02	3.556700e-03	1.000000e-05
1.728593e+04	2.980650e+02	3.560110e-03	1.000000e-05
1.729605e+04	2.982320e+02	3.562740e-03	1.000000e-05
1.730623e+04	2.984000e+02	3.566740e-03	1.000000e-05
1.731634e+04	2.985700e+02	3.564550e-03	1.000000e-05
1.732653e+04	2.987420e+02	3.567120e-03	1.000000e-05
1.733665e+04	2.989090e+02	3.568630e-03	1.000000e-05
1.734684e+04	2.990760e+02	3.567030e-03	1.000000e-05
1.735696e+04	2.992400e+02	3.568360e-03	1.000000e-05
1.736715e+04	2.994120e+02	3.572700e-03	1.000000e-05
1.737729e+04	2.995940e+02	3.573470e-03	1.000000e-05
1.738745e+04	2.997570e+02	3.574090e-03	1.000000e-05
1.739759e+04	2.999220e+02	3.573490e-03	1.000000e-05
